 1.00003099e-01 -2.84773077e+00 
 1.00025774e-01 -2.84134507e+00 
 1.00048449e-01 -2.83497343e+00 
 1.00071124e-01 -2.82861588e+00 
 1.00093799e-01 -2.82227244e+00 
 1.00116474e-01 -2.81594313e+00 
 1.00139149e-01 -2.80962790e+00 
 1.00161824e-01 -2.80332677e+00 
 1.00184499e-01 -2.79703970e+00 
 1.00207174e-01 -2.79076667e+00 
 1.00229849e-01 -2.78450765e+00 
 1.00252524e-01 -2.77826260e+00 
 1.00275199e-01 -2.77203149e+00 
 1.00297874e-01 -2.76581428e+00 
 1.00320549e-01 -2.75961092e+00 
 1.00343224e-01 -2.75342134e+00 
 1.00365899e-01 -2.74724550e+00 
 1.00388574e-01 -2.74108330e+00 
 1.00411249e-01 -2.73493461e+00 
 1.00433924e-01 -2.72879927e+00 
 1.00456599e-01 -2.72267703e+00 
 1.00479274e-01 -2.71656743e+00 
 1.00501949e-01 -2.71046970e+00 
 1.00524624e-01 -2.70438231e+00 
 1.00547299e-01 -2.69830195e+00 
 1.00569974e-01 -2.69222034e+00 
 1.00592649e-01 -2.68611282e+00 
 1.00615324e-01 -2.67988238e+00 
 1.00637999e-01 -2.67291008e+00 
 1.00660674e-01 -2.66085303e+00 
 1.00683349e-01 -2.61998482e+00 
 1.00706024e-01 -2.41761085e+00 
 1.00728699e-01 -1.46531382e+00 
 1.00751374e-01  1.25256700e+00 
 1.00774049e-01  4.42862798e+00 
 1.00796724e-01  5.09197060e+00 
 1.00819399e-01  5.08431623e+00 
 1.00842074e-01  5.07504104e+00 
 1.00864749e-01  5.06575110e+00 
 1.00887424e-01  5.05605502e+00 
 1.00910099e-01  5.04591010e+00 
 1.00932774e-01  5.03540157e+00 
 1.00955449e-01  5.02456927e+00 
 1.00978124e-01  5.01344225e+00 
 1.01000799e-01  5.00203670e+00 
 1.01023474e-01  4.99035957e+00 
 1.01046149e-01  4.97840866e+00 
 1.01068824e-01  4.96617244e+00 
 1.01091499e-01  4.95362885e+00 
 1.01114174e-01  4.94074270e+00 
 1.01136849e-01  4.92746136e+00 
 1.01159524e-01  4.91370708e+00 
 1.01182199e-01  4.89936372e+00 
 1.01204874e-01  4.88425194e+00 
 1.01227549e-01  4.86807942e+00 
 1.01250224e-01  4.85032946e+00 
 1.01272899e-01  4.82996982e+00 
 1.01295574e-01  4.80449672e+00 
 1.01318249e-01  4.76181850e+00 
 1.01340924e-01  4.58966422e+00 
 1.01363599e-01  4.19644883e+00 
 1.01386274e-01  3.64612797e+00 
 1.01408949e-01  2.99257530e+00 
 1.01431624e-01  2.25748727e+00 
 1.01454299e-01  1.45922665e+00 
 1.01476974e-01  6.25268531e-01 
 1.01499649e-01 -2.07546179e-01 
 1.01522324e-01 -9.85813597e-01 
 1.01544999e-01 -1.65450935e+00 
 1.01567674e-01 -2.17253834e+00 
 1.01590349e-01 -2.52840489e+00 
 1.01613024e-01 -2.74261817e+00 
 1.01635699e-01 -2.85452819e+00 
 1.01658374e-01 -2.90447122e+00 
 1.01681049e-01 -2.92175077e+00 
 1.01703724e-01 -2.92439493e+00 
 1.01726399e-01 -2.92110450e+00 
 1.01749074e-01 -2.91555757e+00 
 1.01771749e-01 -2.90932336e+00 
 1.01794424e-01 -2.90291817e+00 
 1.01817099e-01 -2.89646314e+00 
 1.01839774e-01 -2.88999600e+00 
 1.01862449e-01 -2.88353086e+00 
 1.01885124e-01 -2.87707375e+00 
 1.01907799e-01 -2.87062753e+00 
 1.01930474e-01 -2.86419365e+00 
 1.01953149e-01 -2.85777288e+00 
 1.01975824e-01 -2.85136568e+00 
 1.01998499e-01 -2.84497228e+00 
 1.02021174e-01 -2.83859282e+00 
 1.02043849e-01 -2.83222739e+00 
 1.02066524e-01 -2.82587603e+00 
 1.02089199e-01 -2.81953876e+00 
 1.02111874e-01 -2.81321559e+00 
 1.02134549e-01 -2.80690651e+00 
 1.02157224e-01 -2.80061149e+00 
 1.02179899e-01 -2.79433053e+00 
 1.02202574e-01 -2.78806358e+00 
 1.02225249e-01 -2.78181063e+00 
 1.02247924e-01 -2.77557165e+00 
 1.02270599e-01 -2.76934659e+00 
 1.02293274e-01 -2.76313542e+00 
 1.02315949e-01 -2.75693809e+00 
 1.02338624e-01 -2.75075454e+00 
 1.02361299e-01 -2.74458471e+00 
 1.02383974e-01 -2.73842853e+00 
 1.02406649e-01 -2.73228588e+00 
 1.02429324e-01 -2.72615660e+00 
 1.02451999e-01 -2.72004046e+00 
 1.02474674e-01 -2.71393706e+00 
 1.02497349e-01 -2.70784574e+00 
 1.02520024e-01 -2.70176519e+00 
 1.02542699e-01 -2.69569263e+00 
 1.02565374e-01 -2.68962144e+00 
 1.02588049e-01 -2.68353265e+00 
 1.02610724e-01 -2.67735704e+00 
 1.02633399e-01 -2.67070970e+00 
 1.02656074e-01 -2.66063428e+00 
 1.02678749e-01 -2.63102863e+00 
 1.02701424e-01 -2.49050505e+00 
 1.02724099e-01 -1.79856657e+00 
 1.02746774e-01  5.08589328e-01 
 1.02769449e-01  3.83071032e+00 
 1.02792124e-01  5.08943535e+00 
 1.02814799e-01  5.08982055e+00 
 1.02837474e-01  5.07970527e+00 
 1.02860149e-01  5.07106330e+00 
 1.02882824e-01  5.06131834e+00 
 1.02905499e-01  5.05126209e+00 
 1.02928174e-01  5.04081330e+00 
 1.02950849e-01  5.03004087e+00 
 1.02973524e-01  5.01896565e+00 
 1.02996199e-01  5.00760933e+00 
 1.03018874e-01  4.99597992e+00 
 1.03041549e-01  4.98407727e+00 
 1.03064224e-01  4.97189173e+00 
 1.03086899e-01  4.95940343e+00 
 1.03109574e-01  4.94657997e+00 
 1.03132249e-01  4.93337247e+00 
 1.03154924e-01  4.91970872e+00 
 1.03177599e-01  4.90548117e+00 
 1.03200274e-01  4.89052504e+00 
 1.03222949e-01  4.87457489e+00 
 1.03245624e-01  4.85716971e+00 
 1.03268299e-01  4.83741304e+00 
 1.03290974e-01  4.81322415e+00 
 1.03313649e-01  4.77579313e+00 
 1.03336324e-01  4.64767252e+00 
 1.03358999e-01  4.29077855e+00 
 1.03381674e-01  3.76289308e+00 
 1.03404349e-01  3.12616899e+00 
 1.03427024e-01  2.40492288e+00 
 1.03449699e-01  1.61696305e+00 
 1.03472374e-01  7.87402514e-01 
 1.03495049e-01 -4.94120743e-02 
 1.03517724e-01 -8.42154556e-01 
 1.03540399e-01 -1.53524114e+00 
 1.03563074e-01 -2.08352299e+00 
 1.03585749e-01 -2.46920491e+00 
 1.03608424e-01 -2.70738072e+00 
 1.03631099e-01 -2.83528038e+00 
 1.03653774e-01 -2.89429283e+00 
 1.03676449e-01 -2.91594642e+00 
 1.03699124e-01 -2.92047289e+00 
 1.03721799e-01 -2.91791266e+00 
 1.03744474e-01 -2.91264432e+00 
 1.03767149e-01 -2.90648379e+00 
 1.03789824e-01 -2.90010563e+00 
 1.03812499e-01 -2.89366482e+00 
 1.03835174e-01 -2.88720743e+00 
 1.03857849e-01 -2.88075025e+00 
 1.03880524e-01 -2.87430030e+00 
 1.03903199e-01 -2.86786083e+00 
 1.03925874e-01 -2.86143347e+00 
 1.03948549e-01 -2.85501909e+00 
 1.03971224e-01 -2.84861819e+00 
 1.03993899e-01 -2.84223103e+00 
 1.04016574e-01 -2.83585779e+00 
 1.04039249e-01 -2.82949853e+00 
 1.04061924e-01 -2.82315333e+00 
 1.04084599e-01 -2.81682220e+00 
 1.04107274e-01 -2.81050514e+00 
 1.04129949e-01 -2.80420214e+00 
 1.04152624e-01 -2.79791321e+00 
 1.04175299e-01 -2.79163831e+00 
 1.04197974e-01 -2.78537741e+00 
 1.04220649e-01 -2.77913050e+00 
 1.04243324e-01 -2.77289755e+00 
 1.04265999e-01 -2.76667849e+00 
 1.04288674e-01 -2.76047332e+00 
 1.04311349e-01 -2.75428199e+00 
 1.04334024e-01 -2.74810442e+00 
 1.04356699e-01 -2.74194058e+00 
 1.04379374e-01 -2.73579037e+00 
 1.04402049e-01 -2.72965371e+00 
 1.04424724e-01 -2.72353044e+00 
 1.04447399e-01 -2.71742034e+00 
 1.04470074e-01 -2.71132309e+00 
 1.04492749e-01 -2.70523808e+00 
 1.04515424e-01 -2.69916419e+00 
 1.04538099e-01 -2.69309911e+00 
 1.04560774e-01 -2.68703744e+00 
 1.04583449e-01 -2.68096445e+00 
 1.04606124e-01 -2.67482967e+00 
 1.04628799e-01 -2.66838355e+00 
 1.04651474e-01 -2.65966567e+00 
 1.04674149e-01 -2.63767978e+00 
 1.04696824e-01 -2.53988088e+00 
 1.04719499e-01 -2.04590876e+00 
 1.04742174e-01 -1.70298885e-01 
 1.04764849e-01  3.15659684e+00 
 1.04787524e-01  5.08051149e+00 
 1.04810199e-01  5.09620742e+00 
 1.04832874e-01  5.08401005e+00 
 1.04855549e-01  5.07643215e+00 
 1.04878224e-01  5.06641576e+00 
 1.04900899e-01  5.05638327e+00 
 1.04923574e-01  5.04599472e+00 
 1.04946249e-01  5.03528544e+00 
 1.04968924e-01  5.02426352e+00 
 1.04991599e-01  5.01295755e+00 
 1.05014274e-01  5.00137659e+00 
 1.05036949e-01  4.98952260e+00 
 1.05059624e-01  4.97738774e+00 
 1.05082299e-01  4.96495429e+00 
 1.05104974e-01  4.95219251e+00 
 1.05127649e-01  4.93905707e+00 
 1.05150324e-01  4.92548085e+00 
 1.05172999e-01  4.91136424e+00 
 1.05195674e-01  4.89655558e+00 
 1.05218349e-01  4.88081326e+00 
 1.05241024e-01  4.86372447e+00 
 1.05263699e-01  4.84450621e+00 
 1.05286374e-01  4.82141231e+00 
 1.05309049e-01  4.78782880e+00 
 1.05331724e-01  4.69598751e+00 
 1.05354399e-01  4.37747224e+00 
 1.05377074e-01  3.87515277e+00 
 1.05399749e-01  3.25643710e+00 
 1.05422424e-01  2.54980010e+00 
 1.05445099e-01  1.77305650e+00 
 1.05467774e-01  9.49253620e-01 
 1.05490449e-01  1.10264836e-01 
 1.05513124e-01 -6.94925521e-01 
 1.05535799e-01 -1.41076779e+00 
 1.05558474e-01 -1.98869568e+00 
 1.05581149e-01 -2.40481601e+00 
 1.05603824e-01 -2.66838026e+00 
 1.05626499e-01 -2.81380150e+00 
 1.05649174e-01 -2.88278486e+00 
 1.05671849e-01 -2.90977920e+00 
 1.05694524e-01 -2.91653393e+00 
 1.05717199e-01 -2.91485314e+00 
 1.05739874e-01 -2.90992326e+00 
 1.05762549e-01 -2.90385543e+00 
 1.05785224e-01 -2.89750851e+00 
 1.05807899e-01 -2.89108287e+00 
 1.05830574e-01 -2.88463531e+00 
 1.05853249e-01 -2.87818585e+00 
 1.05875924e-01 -2.87174266e+00 
 1.05898599e-01 -2.86530951e+00 
 1.05921274e-01 -2.85888822e+00 
 1.05943949e-01 -2.85247977e+00 
 1.05966624e-01 -2.84608470e+00 
 1.05989299e-01 -2.83970332e+00 
 1.06011974e-01 -2.83333581e+00 
 1.06034649e-01 -2.82698226e+00 
 1.06057324e-01 -2.82064274e+00 
 1.06079999e-01 -2.81431726e+00 
 1.06102674e-01 -2.80800583e+00 
 1.06125349e-01 -2.80170846e+00 
 1.06148024e-01 -2.79542514e+00 
 1.06170699e-01 -2.78915582e+00 
 1.06193374e-01 -2.78290051e+00 
 1.06216049e-01 -2.77665917e+00 
 1.06238724e-01 -2.77043176e+00 
 1.06261399e-01 -2.76421827e+00 
 1.06284074e-01 -2.75801862e+00 
 1.06306749e-01 -2.75183281e+00 
 1.06329424e-01 -2.74566077e+00 
 1.06352099e-01 -2.73950244e+00 
 1.06374774e-01 -2.73335775e+00 
 1.06397449e-01 -2.72722661e+00 
 1.06420124e-01 -2.72110887e+00 
 1.06442799e-01 -2.71500436e+00 
 1.06465474e-01 -2.70891276e+00 
 1.06488149e-01 -2.70283355e+00 
 1.06510824e-01 -2.69676575e+00 
 1.06533499e-01 -2.69070743e+00 
 1.06556174e-01 -2.68465417e+00 
 1.06578849e-01 -2.67859437e+00 
 1.06601524e-01 -2.67249060e+00 
 1.06624199e-01 -2.66617538e+00 
 1.06646874e-01 -2.65838139e+00 
 1.06669549e-01 -2.64155202e+00 
 1.06692224e-01 -2.57306490e+00 
 1.06714899e-01 -2.22503157e+00 
 1.06737574e-01 -7.57557237e-01 
 1.06760249e-01  2.42364166e+00 
 1.06782924e-01  5.04630164e+00 
 1.06805599e-01  5.10300722e+00 
 1.06828274e-01  5.08868575e+00 
 1.06850949e-01  5.08152570e+00 
 1.06873624e-01  5.07109599e+00 
 1.06896299e-01  5.06109150e+00 
 1.06918974e-01  5.05076158e+00 
 1.06941649e-01  5.04011791e+00 
 1.06964324e-01  5.02915141e+00 
 1.06986999e-01  5.01789739e+00 
 1.07009674e-01  5.00636610e+00 
 1.07032349e-01  4.99456163e+00 
 1.07055024e-01  4.98247793e+00 
 1.07077699e-01  4.97009940e+00 
 1.07100374e-01  4.95739880e+00 
 1.07123049e-01  4.94433416e+00 
 1.07145724e-01  4.93084314e+00 
 1.07168399e-01  4.91683337e+00 
 1.07191074e-01  4.90216510e+00 
 1.07213749e-01  4.88661789e+00 
 1.07236424e-01  4.86982085e+00 
 1.07259099e-01  4.85108642e+00 
 1.07281774e-01  4.82893612e+00 
 1.07304449e-01  4.79931218e+00 
 1.07327124e-01  4.73057431e+00 
 1.07349799e-01  4.45356033e+00 
 1.07372474e-01  3.98166456e+00 
 1.07395149e-01  3.38271309e+00 
 1.07417824e-01  2.69163535e+00 
 1.07440499e-01  1.92702742e+00 
 1.07463174e-01  1.11027943e+00 
 1.07485849e-01  2.70882562e-01 
 1.07508524e-01 -5.44710133e-01 
 1.07531199e-01 -1.28152563e+00 
 1.07553874e-01 -1.88824603e+00 
 1.07576549e-01 -2.33519792e+00 
 1.07599224e-01 -2.62547051e+00 
 1.07621899e-01 -2.78996997e+00 
 1.07644574e-01 -2.87039756e+00 
 1.07667249e-01 -2.90329528e+00 
 1.07689924e-01 -2.91267795e+00 
 1.07712599e-01 -2.91205330e+00 
 1.07735274e-01 -2.90753142e+00 
 1.07757949e-01 -2.90158219e+00 
 1.07780624e-01 -2.89527166e+00 
 1.07803299e-01 -2.88886217e+00 
 1.07825974e-01 -2.88242426e+00 
 1.07848649e-01 -2.87598198e+00 
 1.07871324e-01 -2.86954490e+00 
 1.07893999e-01 -2.86311730e+00 
 1.07916674e-01 -2.85670131e+00 
 1.07939349e-01 -2.85029800e+00 
 1.07962024e-01 -2.84390797e+00 
 1.07984699e-01 -2.83753158e+00 
 1.08007374e-01 -2.83116901e+00 
 1.08030049e-01 -2.82482037e+00 
 1.08052724e-01 -2.81848573e+00 
 1.08075399e-01 -2.81216512e+00 
 1.08098074e-01 -2.80585854e+00 
 1.08120749e-01 -2.79956601e+00 
 1.08143424e-01 -2.79328751e+00 
 1.08166099e-01 -2.78702300e+00 
 1.08188774e-01 -2.78077249e+00 
 1.08211449e-01 -2.77453592e+00 
 1.08234124e-01 -2.76831329e+00 
 1.08256799e-01 -2.76210456e+00 
 1.08279474e-01 -2.75590968e+00 
 1.08302149e-01 -2.74972861e+00 
 1.08324824e-01 -2.74356131e+00 
 1.08347499e-01 -2.73740772e+00 
 1.08370174e-01 -2.73126778e+00 
 1.08392849e-01 -2.72514139e+00 
 1.08415524e-01 -2.71902842e+00 
 1.08438199e-01 -2.71292869e+00 
 1.08460874e-01 -2.70684195e+00 
 1.08483549e-01 -2.70076774e+00 
 1.08506224e-01 -2.69470519e+00 
 1.08528899e-01 -2.68865267e+00 
 1.08551574e-01 -2.68260653e+00 
 1.08574249e-01 -2.67655756e+00 
 1.08596924e-01 -2.67047756e+00 
 1.08619599e-01 -2.66425082e+00 
 1.08642274e-01 -2.65708265e+00 
 1.08664949e-01 -2.64374490e+00 
 1.08687624e-01 -2.59527734e+00 
 1.08710299e-01 -2.35172123e+00 
 1.08732974e-01 -1.24098178e+00 
 1.08755649e-01  1.65925406e+00 
 1.08778324e-01  4.71221869e+00 
 1.08800999e-01  5.10469966e+00 
 1.08823674e-01  5.09301264e+00 
 1.08846349e-01  5.08540458e+00 
 1.08869024e-01  5.07566166e+00 
 1.08891699e-01  5.06583120e+00 
 1.08914374e-01  5.05559104e+00 
 1.08937049e-01  5.04500772e+00 
 1.08959724e-01  5.03409872e+00 
 1.08982399e-01  5.02289694e+00 
 1.09000000e-01  5.01399620e+00 
