 1.00003099e-01 -2.57917435e+00 
 1.00025774e-01 -2.57339093e+00 
 1.00048449e-01 -2.56761998e+00 
 1.00071124e-01 -2.56186174e+00 
 1.00093799e-01 -2.55611628e+00 
 1.00116474e-01 -2.55038361e+00 
 1.00139149e-01 -2.54466375e+00 
 1.00161824e-01 -2.53895665e+00 
 1.00184499e-01 -2.53326226e+00 
 1.00207174e-01 -2.52758052e+00 
 1.00229849e-01 -2.52191129e+00 
 1.00252524e-01 -2.51625424e+00 
 1.00275199e-01 -2.51060832e+00 
 1.00297874e-01 -2.50496900e+00 
 1.00320549e-01 -2.49929683e+00 
 1.00343224e-01 -2.49065849e+00 
 1.00365899e-01 -1.31685437e+00 
 1.00388574e-01  5.35937699e+00 
 1.00411249e-01  5.35815328e+00 
 1.00433924e-01  5.34311006e+00 
 1.00456599e-01  5.33046605e+00 
 1.00479274e-01  5.31611294e+00 
 1.00501949e-01  5.30094929e+00 
 1.00524624e-01  5.28424346e+00 
 1.00547299e-01  5.26508485e+00 
 1.00569974e-01  5.24113364e+00 
 1.00592649e-01  5.20023547e+00 
 1.00615324e-01  4.30797266e+00 
 1.00637999e-01  1.73470803e+00 
 1.00660674e-01 -1.14788086e+00 
 1.00683349e-01 -2.40207541e+00 
 1.00706024e-01 -2.59581176e+00 
 1.00728699e-01 -2.60344545e+00 
 1.00751374e-01 -2.59794011e+00 
 1.00774049e-01 -2.59216572e+00 
 1.00796724e-01 -2.58636481e+00 
 1.00819399e-01 -2.58056854e+00 
 1.00842074e-01 -2.57478277e+00 
 1.00864749e-01 -2.56900904e+00 
 1.00887424e-01 -2.56324784e+00 
 1.00910099e-01 -2.55749936e+00 
 1.00932774e-01 -2.55176365e+00 
 1.00955449e-01 -2.54604074e+00 
 1.00978124e-01 -2.54033060e+00 
 1.01000799e-01 -2.53463319e+00 
 1.01023474e-01 -2.52894848e+00 
 1.01046149e-01 -2.52327637e+00 
 1.01068824e-01 -2.51761671e+00 
 1.01091499e-01 -2.51196904e+00 
 1.01114174e-01 -2.50633196e+00 
 1.01136849e-01 -2.50069830e+00 
 1.01159524e-01 -2.49498615e+00 
 1.01182199e-01 -2.47518679e+00 
 1.01204874e-01  1.06437503e+00 
 1.01227549e-01  5.36657975e+00 
 1.01250224e-01  5.35508754e+00 
 1.01272899e-01  5.34186076e+00 
 1.01295574e-01  5.32837516e+00 
 1.01318249e-01  5.31409007e+00 
 1.01340924e-01  5.29860335e+00 
 1.01363599e-01  5.28140740e+00 
 1.01386274e-01  5.26135563e+00 
 1.01408949e-01  5.23541828e+00 
 1.01431624e-01  5.18100445e+00 
 1.01454299e-01  3.82208366e+00 
 1.01476974e-01  9.46688379e-01 
 1.01499649e-01 -1.63088464e+00 
 1.01522324e-01 -2.49671580e+00 
 1.01544999e-01 -2.60026801e+00 
 1.01567674e-01 -2.60048019e+00 
 1.01590349e-01 -2.59485609e+00 
 1.01613024e-01 -2.58907164e+00 
 1.01635699e-01 -2.58327444e+00 
 1.01658374e-01 -2.57748421e+00 
 1.01681049e-01 -2.57170503e+00 
 1.01703724e-01 -2.56593807e+00 
 1.01726399e-01 -2.56018369e+00 
 1.01749074e-01 -2.55444204e+00 
 1.01771749e-01 -2.54871318e+00 
 1.01794424e-01 -2.54299709e+00 
 1.01817099e-01 -2.53729375e+00 
 1.01839774e-01 -2.53160314e+00 
 1.01862449e-01 -2.52592521e+00 
 1.01885124e-01 -2.52025983e+00 
 1.01907799e-01 -2.51460680e+00 
 1.01930474e-01 -2.50896559e+00 
 1.01953149e-01 -2.50333412e+00 
 1.01975824e-01 -2.49770066e+00 
 1.01998499e-01 -2.49186788e+00 
 1.02021174e-01 -2.42229374e+00 
 1.02043849e-01  4.58645859e+00 
 1.02066524e-01  5.36564173e+00 
 1.02089199e-01  5.34761156e+00 
 1.02111874e-01  5.33671528e+00 
 1.02134549e-01  5.32273490e+00 
 1.02157224e-01  5.30806603e+00 
 1.02179899e-01  5.29215675e+00 
 1.02202574e-01  5.27442129e+00 
 1.02225249e-01  5.25332528e+00 
 1.02247924e-01  5.22361348e+00 
 1.02270599e-01  5.12879578e+00 
 1.02293274e-01  3.30305658e+00 
 1.02315949e-01  2.07594740e-01 
 1.02338624e-01 -1.98552091e+00 
 1.02361299e-01 -2.55303682e+00 
 1.02383974e-01 -2.60483491e+00 
 1.02406649e-01 -2.60161466e+00 
 1.02429324e-01 -2.59590784e+00 
 1.02451999e-01 -2.59011036e+00 
 1.02474674e-01 -2.58430856e+00 
 1.02497349e-01 -2.57851533e+00 
 1.02520024e-01 -2.57273359e+00 
 1.02542699e-01 -2.56696421e+00 
 1.02565374e-01 -2.56120749e+00 
 1.02588049e-01 -2.55546351e+00 
 1.02610724e-01 -2.54973233e+00 
 1.02633399e-01 -2.54401394e+00 
 1.02656074e-01 -2.53830832e+00 
 1.02678749e-01 -2.53261541e+00 
 1.02701424e-01 -2.52693516e+00 
 1.02724099e-01 -2.52126746e+00 
 1.02746774e-01 -2.51561203e+00 
 1.02769449e-01 -2.50996814e+00 
 1.02792124e-01 -2.50433282e+00 
 1.02814799e-01 -2.49868556e+00 
 1.02837474e-01 -2.49242037e+00 
 1.02860149e-01 -2.20711179e+00 
 1.02882824e-01  5.34057965e+00 
 1.02905499e-01  5.36142095e+00 
 1.02928174e-01  5.34505487e+00 
 1.02950849e-01  5.33345545e+00 
 1.02973524e-01  5.31882109e+00 
 1.02996199e-01  5.30380733e+00 
 1.03018874e-01  5.28752708e+00 
 1.03041549e-01  5.26914441e+00 
 1.03064224e-01  5.24678078e+00 
 1.03086899e-01  5.21272205e+00 
 1.03109574e-01  4.77916647e+00 
 1.03132249e-01  2.56047618e+00 
 1.03154924e-01 -5.17585333e-01 
 1.03177599e-01 -2.23824490e+00 
 1.03200274e-01 -2.58208331e+00 
 1.03222949e-01 -2.60480181e+00 
 1.03245624e-01 -2.60003106e+00 
 1.03268299e-01 -2.59428024e+00 
 1.03290974e-01 -2.58847937e+00 
 1.03313649e-01 -2.58267958e+00 
 1.03336324e-01 -2.57688947e+00 
 1.03358999e-01 -2.57111118e+00 
 1.03381674e-01 -2.56534534e+00 
 1.03404349e-01 -2.55959220e+00 
 1.03427024e-01 -2.55385183e+00 
 1.03449699e-01 -2.54812424e+00 
 1.03472374e-01 -2.54240944e+00 
 1.03495049e-01 -2.53670740e+00 
 1.03517724e-01 -2.53101806e+00 
 1.03540399e-01 -2.52534136e+00 
 1.03563074e-01 -2.51967715e+00 
 1.03585749e-01 -2.51402511e+00 
 1.03608424e-01 -2.50838422e+00 
 1.03631099e-01 -2.50275001e+00 
 1.03653774e-01 -2.49708408e+00 
 1.03676449e-01 -2.48862833e+00 
 1.03699124e-01 -1.37391807e+00 
 1.03721799e-01  5.36031082e+00 
 1.03744474e-01  5.35961868e+00 
 1.03767149e-01  5.34455808e+00 
 1.03789824e-01  5.33189582e+00 
 1.03812499e-01  5.31753033e+00 
 1.03835174e-01  5.30236962e+00 
 1.03857849e-01  5.28566575e+00 
 1.03880524e-01  5.26651274e+00 
 1.03903199e-01  5.24257546e+00 
 1.03925874e-01  5.20175432e+00 
 1.03948549e-01  4.31377017e+00 
 1.03971224e-01  1.74371275e+00 
 1.03993899e-01 -1.14092379e+00 
 1.04016574e-01 -2.39877477e+00 
 1.04039249e-01 -2.59348116e+00 
 1.04061924e-01 -2.60120444e+00 
 1.04084599e-01 -2.59570498e+00 
 1.04107274e-01 -2.58993574e+00 
 1.04129949e-01 -2.58413987e+00 
 1.04152624e-01 -2.57834860e+00 
 1.04175299e-01 -2.57256780e+00 
 1.04197974e-01 -2.56679903e+00 
 1.04220649e-01 -2.56104279e+00 
 1.04243324e-01 -2.55529926e+00 
 1.04265999e-01 -2.54956849e+00 
 1.04288674e-01 -2.54385050e+00 
 1.04311349e-01 -2.53814527e+00 
 1.04334024e-01 -2.53245277e+00 
 1.04356699e-01 -2.52677294e+00 
 1.04379374e-01 -2.52110572e+00 
 1.04402049e-01 -2.51545092e+00 
 1.04424724e-01 -2.50980812e+00 
 1.04447399e-01 -2.50417593e+00 
 1.04470074e-01 -2.49854730e+00 
 1.04492749e-01 -2.49284284e+00 
 1.04515424e-01 -2.47386786e+00 
 1.04538099e-01  9.39688828e-01 
 1.04560774e-01  5.36786948e+00 
 1.04583449e-01  5.35670099e+00 
 1.04606124e-01  5.34339441e+00 
 1.04628799e-01  5.32989493e+00 
 1.04651474e-01  5.31560315e+00 
 1.04674149e-01  5.30011997e+00 
 1.04696824e-01  5.28292644e+00 
 1.04719499e-01  5.26288143e+00 
 1.04742174e-01  5.23696247e+00 
 1.04764849e-01  5.18272451e+00 
 1.04787524e-01  3.82824042e+00 
 1.04810199e-01  9.55528839e-01 
 1.04832874e-01 -1.62499188e+00 
 1.04855549e-01 -2.49377076e+00 
 1.04878224e-01 -2.59789717e+00 
 1.04900899e-01 -2.59815414e+00 
 1.04923574e-01 -2.59253597e+00 
 1.04946249e-01 -2.58675681e+00 
 1.04968924e-01 -2.58096482e+00 
 1.04991599e-01 -2.57517977e+00 
 1.05014274e-01 -2.56940576e+00 
 1.05036949e-01 -2.56364396e+00 
 1.05059624e-01 -2.55789473e+00 
 1.05082299e-01 -2.55215822e+00 
 1.05104974e-01 -2.54643448e+00 
 1.05127649e-01 -2.54072349e+00 
 1.05150324e-01 -2.53502525e+00 
 1.05172999e-01 -2.52933973e+00 
 1.05195674e-01 -2.52366687e+00 
 1.05218349e-01 -2.51800656e+00 
 1.05241024e-01 -2.51235860e+00 
 1.05263699e-01 -2.50672243e+00 
 1.05286374e-01 -2.50109606e+00 
 1.05309049e-01 -2.49546795e+00 
 1.05331724e-01 -2.48964815e+00 
 1.05354399e-01 -2.42371892e+00 
 1.05377074e-01  4.45193328e+00 
 1.05399749e-01  5.36716727e+00 
 1.05422424e-01  5.34950720e+00 
 1.05445099e-01  5.33832163e+00 
 1.05467774e-01  5.32432666e+00 
 1.05490449e-01  5.30969966e+00 
 1.05513124e-01  5.29379723e+00 
 1.05535799e-01  5.27606263e+00 
 1.05558474e-01  5.25497427e+00 
 1.05581149e-01  5.22529336e+00 
 1.05603824e-01  5.13133917e+00 
 1.05626499e-01  3.30995996e+00 
 1.05649174e-01  2.16168210e-01 
 1.05671849e-01 -1.98052526e+00 
 1.05694524e-01 -2.55025585e+00 
 1.05717199e-01 -2.60237961e+00 
 1.05739874e-01 -2.59918282e+00 
 1.05762549e-01 -2.59348188e+00 
 1.05785224e-01 -2.58768989e+00 
 1.05807899e-01 -2.58189353e+00 
 1.05830574e-01 -2.57610572e+00 
 1.05853249e-01 -2.57032939e+00 
 1.05875924e-01 -2.56456540e+00 
 1.05898599e-01 -2.55881406e+00 
 1.05921274e-01 -2.55307545e+00 
 1.05943949e-01 -2.54734963e+00 
 1.05966624e-01 -2.54163658e+00 
 1.05989299e-01 -2.53593629e+00 
 1.06011974e-01 -2.53024870e+00 
 1.06034649e-01 -2.52457377e+00 
 1.06057324e-01 -2.51891136e+00 
 1.06079999e-01 -2.51326122e+00 
 1.06102674e-01 -2.50762263e+00 
 1.06125349e-01 -2.50199264e+00 
 1.06148024e-01 -2.49635123e+00 
 1.06170699e-01 -2.49012206e+00 
 1.06193374e-01 -2.22016940e+00 
 1.06216049e-01  5.34069269e+00 
 1.06238724e-01  5.36388819e+00 
 1.06261399e-01  5.34557144e+00 
 1.06284074e-01  5.33435523e+00 
 1.06306749e-01  5.32022784e+00 
 1.06329424e-01  5.30529594e+00 
 1.06352099e-01  5.28900229e+00 
 1.06374774e-01  5.27062021e+00 
 1.06397449e-01  5.24826673e+00 
 1.06420124e-01  5.21425678e+00 
 1.06442799e-01  4.78491971e+00 
 1.06465474e-01  2.56980981e+00 
 1.06488149e-01 -5.09213290e-01 
 1.06510824e-01 -2.23417485e+00 
 1.06533499e-01 -2.57963616e+00 
 1.06556174e-01 -2.60253606e+00 
 1.06578849e-01 -2.59777798e+00 
 1.06601524e-01 -2.59203247e+00 
 1.06624199e-01 -2.58623667e+00 
 1.06646874e-01 -2.58044191e+00 
 1.06669549e-01 -2.57465684e+00 
 1.06692224e-01 -2.56888355e+00 
 1.06714899e-01 -2.56312271e+00 
 1.06737574e-01 -2.55737456e+00 
 1.06760249e-01 -2.55163916e+00 
 1.06782924e-01 -2.54591653e+00 
 1.06805599e-01 -2.54020668e+00 
 1.06828274e-01 -2.53450958e+00 
 1.06850949e-01 -2.52882517e+00 
 1.06873624e-01 -2.52315339e+00 
 1.06896299e-01 -2.51749410e+00 
 1.06918974e-01 -2.51184696e+00 
 1.06941649e-01 -2.50621098e+00 
 1.06964324e-01 -2.50058176e+00 
 1.06986999e-01 -2.49492188e+00 
 1.07009674e-01 -2.48663541e+00 
 1.07032349e-01 -1.42588073e+00 
 1.07055024e-01  5.36120850e+00 
 1.07077699e-01  5.36105184e+00 
 1.07100374e-01  5.34598256e+00 
 1.07123049e-01  5.33329403e+00 
 1.07145724e-01  5.31891743e+00 
 1.07168399e-01  5.30376057e+00 
 1.07191074e-01  5.28705889e+00 
 1.07213749e-01  5.26791174e+00 
 1.07236424e-01  5.24398898e+00 
 1.07259099e-01  5.20324750e+00 
 1.07281774e-01  4.31969967e+00 
 1.07304449e-01  1.75296383e+00 
 1.07327124e-01 -1.13380959e+00 
 1.07349799e-01 -2.39548341e+00 
 1.07372474e-01 -2.59120817e+00 
 1.07395149e-01 -2.59902563e+00 
 1.07417824e-01 -2.59353197e+00 
 1.07440499e-01 -2.58776775e+00 
 1.07463174e-01 -2.58197677e+00 
 1.07485849e-01 -2.57619036e+00 
 1.07508524e-01 -2.57041440e+00 
 1.07531199e-01 -2.56465046e+00 
 1.07553874e-01 -2.55889904e+00 
 1.07576549e-01 -2.55316031e+00 
 1.07599224e-01 -2.54743434e+00 
 1.07621899e-01 -2.54172114e+00 
 1.07644574e-01 -2.53602068e+00 
 1.07667249e-01 -2.53033295e+00 
 1.07689924e-01 -2.52465789e+00 
 1.07712599e-01 -2.51899541e+00 
 1.07735274e-01 -2.51334534e+00 
 1.07757949e-01 -2.50770728e+00 
 1.07780624e-01 -2.50207983e+00 
 1.07803299e-01 -2.49645608e+00 
 1.07825974e-01 -2.49075904e+00 
 1.07848649e-01 -2.47254789e+00 
 1.07871324e-01  8.19386270e-01 
 1.07893999e-01  5.36911784e+00 
 1.07916674e-01  5.35827293e+00 
 1.07939349e-01  5.34490014e+00 
 1.07962024e-01  5.33137794e+00 
 1.07984699e-01  5.31707843e+00 
 1.08007374e-01  5.30159923e+00 
 1.08030049e-01  5.28440844e+00 
 1.08052724e-01  5.26437053e+00 
 1.08075399e-01  5.23847074e+00 
 1.08098074e-01  5.18441369e+00 
 1.08120749e-01  3.83452463e+00 
 1.08143424e-01  9.64589778e-01 
 1.08166099e-01 -1.61900356e+00 
 1.08188774e-01 -2.49086438e+00 
 1.08211449e-01 -2.59559352e+00 
 1.08234124e-01 -2.59589734e+00 
 1.08256799e-01 -2.59028499e+00 
 1.08279474e-01 -2.58451097e+00 
 1.08302149e-01 -2.57872405e+00 
 1.08324824e-01 -2.57294402e+00 
 1.08347499e-01 -2.56717503e+00 
 1.08370174e-01 -2.56141823e+00 
 1.08392849e-01 -2.55567399e+00 
 1.08415524e-01 -2.54994247e+00 
 1.08438199e-01 -2.54422369e+00 
 1.08460874e-01 -2.53851766e+00 
 1.08483549e-01 -2.53282437e+00 
 1.08506224e-01 -2.52714379e+00 
 1.08528899e-01 -2.52147585e+00 
 1.08551574e-01 -2.51582045e+00 
 1.08574249e-01 -2.51017740e+00 
 1.08596924e-01 -2.50454614e+00 
 1.08619599e-01 -2.49892471e+00 
 1.08642274e-01 -2.49330178e+00 
 1.08664949e-01 -2.48749432e+00 
 1.08687624e-01 -2.42494581e+00 
 1.08710299e-01  4.31861461e+00 
 1.08732974e-01  5.36865304e+00 
 1.08755649e-01  5.35140228e+00 
 1.08778324e-01  5.33989208e+00 
 1.08800999e-01  5.32587991e+00 
 1.08823674e-01  5.31129546e+00 
 1.08846349e-01  5.29540012e+00 
 1.08869024e-01  5.27766656e+00 
 1.08891699e-01  5.25658626e+00 
 1.08914374e-01  5.22693739e+00 
 1.08937049e-01  5.13385576e+00 
 1.08959724e-01  3.31699317e+00 
 1.08982399e-01  2.24935058e-01 
 1.09000000e-01 -1.64815863e+00 
