 1.00003099e-01 -2.56498107e+00 
 1.00025774e-01 -2.55923708e+00 
 1.00048449e-01 -2.55350470e+00 
 1.00071124e-01 -2.54778409e+00 
 1.00093799e-01 -2.54207533e+00 
 1.00116474e-01 -2.53637850e+00 
 1.00139149e-01 -2.53069364e+00 
 1.00161824e-01 -2.52502081e+00 
 1.00184499e-01 -2.51936002e+00 
 1.00207174e-01 -2.51371128e+00 
 1.00229849e-01 -2.50807458e+00 
 1.00252524e-01 -2.50244992e+00 
 1.00275199e-01 -2.49683728e+00 
 1.00297874e-01 -2.49123660e+00 
 1.00320549e-01 -2.48564787e+00 
 1.00343224e-01 -2.48007102e+00 
 1.00365899e-01 -2.47450597e+00 
 1.00388574e-01 -2.46895265e+00 
 1.00411249e-01 -2.46341098e+00 
 1.00433924e-01 -2.45788082e+00 
 1.00456599e-01 -2.45236205e+00 
 1.00479274e-01 -2.44685448e+00 
 1.00501949e-01 -2.44135795e+00 
 1.00524624e-01 -2.43587218e+00 
 1.00547299e-01 -2.43039690e+00 
 1.00569974e-01 -2.42493173e+00 
 1.00592649e-01 -2.41947621e+00 
 1.00615324e-01 -2.41402979e+00 
 1.00637999e-01 -2.40859172e+00 
 1.00660674e-01 -2.40316105e+00 
 1.00683349e-01 -2.39773653e+00 
 1.00706024e-01 -2.39231650e+00 
 1.00728699e-01 -2.38689867e+00 
 1.00751374e-01 -2.38147995e+00 
 1.00774049e-01 -2.37605589e+00 
 1.00796724e-01 -2.37062015e+00 
 1.00819399e-01 -2.36516323e+00 
 1.00842074e-01 -2.35967070e+00 
 1.00864749e-01 -2.35411967e+00 
 1.00887424e-01 -2.34848061e+00 
 1.00910099e-01 -2.34273594e+00 
 1.00932774e-01 -2.33684592e+00 
 1.00955449e-01 -2.33075408e+00 
 1.00978124e-01 -2.32438254e+00 
 1.01000799e-01 -2.31762357e+00 
 1.01023474e-01 -2.31032789e+00 
 1.01046149e-01 -2.30228829e+00 
 1.01068824e-01 -2.29321700e+00 
 1.01091499e-01 -2.28271452e+00 
 1.01114174e-01 -2.27022724e+00 
 1.01136849e-01 -2.25499064e+00 
 1.01159524e-01 -2.23595517e+00 
 1.01182199e-01 -2.21169280e+00 
 1.01204874e-01 -2.18028594e+00 
 1.01227549e-01 -2.13920773e+00 
 1.01250224e-01 -2.08521633e+00 
 1.01272899e-01 -2.01430765e+00 
 1.01295574e-01 -1.92179840e+00 
 1.01318249e-01 -1.80263579e+00 
 1.01340924e-01 -1.65202563e+00 
 1.01363599e-01 -1.46640136e+00 
 1.01386274e-01 -1.24459628e+00 
 1.01408949e-01 -9.88866979e-01 
 1.01431624e-01 -7.04955412e-01 
 1.01454299e-01 -4.03152009e-01 
 1.01476974e-01 -9.29060863e-02 
 1.01499649e-01  2.13868536e-01 
 1.01522324e-01  5.08714341e-01 
 1.01544999e-01  7.86833327e-01 
 1.01567674e-01  1.04499928e+00 
 1.01590349e-01  1.28283915e+00 
 1.01613024e-01  1.50153822e+00 
 1.01635699e-01  1.70306816e+00 
 1.01658374e-01  1.88962183e+00 
 1.01681049e-01  2.06326721e+00 
 1.01703724e-01  2.22578039e+00 
 1.01726399e-01  2.37859863e+00 
 1.01749074e-01  2.52284094e+00 
 1.01771749e-01  2.65935885e+00 
 1.01794424e-01  2.78879446e+00 
 1.01817099e-01  2.91163374e+00 
 1.01839774e-01  3.02825036e+00 
 1.01862449e-01  3.13893918e+00 
 1.01885124e-01  3.24394054e+00 
 1.01907799e-01  3.34345718e+00 
 1.01930474e-01  3.43766568e+00 
 1.01953149e-01  3.52672400e+00 
 1.01975824e-01  3.61077632e+00 
 1.01998499e-01  3.68995621e+00 
 1.02021174e-01  3.76438853e+00 
 1.02043849e-01  3.83419075e+00 
 1.02066524e-01  3.89947369e+00 
 1.02089199e-01  3.96034216e+00 
 1.02111874e-01  4.01689520e+00 
 1.02134549e-01  4.06922645e+00 
 1.02157224e-01  4.11742429e+00 
 1.02179899e-01  4.16157202e+00 
 1.02202574e-01  4.20174800e+00 
 1.02225249e-01  4.23802575e+00 
 1.02247924e-01  4.27047407e+00 
 1.02270599e-01  4.29915716e+00 
 1.02293274e-01  4.32413466e+00 
 1.02315949e-01  4.34546179e+00 
 1.02338624e-01  4.36318943e+00 
 1.02361299e-01  4.37736417e+00 
 1.02383974e-01  4.38802844e+00 
 1.02406649e-01  4.39522053e+00 
 1.02429324e-01  4.39897471e+00 
 1.02451999e-01  4.39932130e+00 
 1.02474674e-01  4.39628673e+00 
 1.02497349e-01  4.38989361e+00 
 1.02520024e-01  4.38016080e+00 
 1.02542699e-01  4.36710351e+00 
 1.02565374e-01  4.35073335e+00 
 1.02588049e-01  4.33105841e+00 
 1.02610724e-01  4.30808336e+00 
 1.02633399e-01  4.28180953e+00 
 1.02656074e-01  4.25223498e+00 
 1.02678749e-01  4.21935463e+00 
 1.02701424e-01  4.18316037e+00 
 1.02724099e-01  4.14364113e+00 
 1.02746774e-01  4.10078305e+00 
 1.02769449e-01  4.05456962e+00 
 1.02792124e-01  4.00498179e+00 
 1.02814799e-01  3.95199819e+00 
 1.02837474e-01  3.89559528e+00 
 1.02860149e-01  3.83574761e+00 
 1.02882824e-01  3.77242802e+00 
 1.02905499e-01  3.70560794e+00 
 1.02928174e-01  3.63525768e+00 
 1.02950849e-01  3.56134680e+00 
 1.02973524e-01  3.48384448e+00 
 1.02996199e-01  3.40272000e+00 
 1.03018874e-01  3.31794321e+00 
 1.03041549e-01  3.22948513e+00 
 1.03064224e-01  3.13731855e+00 
 1.03086899e-01  3.04141879e+00 
 1.03109574e-01  2.94176448e+00 
 1.03132249e-01  2.83833847e+00 
 1.03154924e-01  2.73112881e+00 
 1.03177599e-01  2.62012996e+00 
 1.03200274e-01  2.50534389e+00 
 1.03222949e-01  2.38678158e+00 
 1.03245624e-01  2.26446450e+00 
 1.03268299e-01  2.13842622e+00 
 1.03290974e-01  2.00871431e+00 
 1.03313649e-01  1.87539224e+00 
 1.03336324e-01  1.73854155e+00 
 1.03358999e-01  1.59826411e+00 
 1.03381674e-01  1.45468453e+00 
 1.03404349e-01  1.30795272e+00 
 1.03427024e-01  1.15824650e+00 
 1.03449699e-01  1.00577431e+00 
 1.03472374e-01  8.50777866e-01 
 1.03495049e-01  6.93534843e-01 
 1.03517724e-01  5.34361296e-01 
 1.03540399e-01  3.73613894e-01 
 1.03563074e-01  2.11691725e-01 
 1.03585749e-01  4.90375690e-02 
 1.03608424e-01 -1.13861592e-01 
 1.03631099e-01 -2.76474984e-01 
 1.03653774e-01 -4.38229598e-01 
 1.03676449e-01 -5.98513187e-01 
 1.03699124e-01 -7.56678825e-01 
 1.03721799e-01 -9.12051329e-01 
 1.03744474e-01 -1.06393565e+00 
 1.03767149e-01 -1.21162735e+00 
 1.03789824e-01 -1.35442507e+00 
 1.03812499e-01 -1.49164497e+00 
 1.03835174e-01 -1.62263664e+00 
 1.03857849e-01 -1.74680008e+00 
 1.03880524e-01 -1.86360304e+00 
 1.03903199e-01 -1.97259769e+00 
 1.03925874e-01 -2.07343580e+00 
 1.03948549e-01 -2.16588120e+00 
 1.03971224e-01 -2.24981855e+00 
 1.03993899e-01 -2.32525759e+00 
 1.04016574e-01 -2.39233225e+00 
 1.04039249e-01 -2.45129453e+00 
 1.04061924e-01 -2.50250318e+00 
 1.04084599e-01 -2.54640815e+00 
 1.04107274e-01 -2.58353172e+00 
 1.04129949e-01 -2.61444756e+00 
 1.04152624e-01 -2.63975939e+00 
 1.04175299e-01 -2.66008037e+00 
 1.04197974e-01 -2.67601465e+00 
 1.04220649e-01 -2.68814176e+00 
 1.04243324e-01 -2.69700442e+00 
 1.04265999e-01 -2.70310008e+00 
 1.04288674e-01 -2.70687576e+00 
 1.04311349e-01 -2.70872602e+00 
 1.04334024e-01 -2.70899357e+00 
 1.04356699e-01 -2.70797160e+00 
 1.04379374e-01 -2.70590761e+00 
 1.04402049e-01 -2.70300804e+00 
 1.04424724e-01 -2.69944310e+00 
 1.04447399e-01 -2.69535187e+00 
 1.04470074e-01 -2.69084691e+00 
 1.04492749e-01 -2.68601867e+00 
 1.04515424e-01 -2.68093931e+00 
 1.04538099e-01 -2.67566607e+00 
 1.04560774e-01 -2.67024415e+00 
 1.04583449e-01 -2.66470904e+00 
 1.04606124e-01 -2.65908855e+00 
 1.04628799e-01 -2.65339701e+00 
 1.04651474e-01 -2.64764879e+00 
 1.04674149e-01 -2.64186484e+00 
 1.04696824e-01 -2.63605904e+00 
 1.04719499e-01 -2.63024077e+00 
 1.04742174e-01 -2.62441655e+00 
 1.04764849e-01 -2.61859097e+00 
 1.04787524e-01 -2.61276735e+00 
 1.04810199e-01 -2.60694811e+00 
 1.04832874e-01 -2.60113507e+00 
 1.04855549e-01 -2.59532956e+00 
 1.04878224e-01 -2.58953263e+00 
 1.04900899e-01 -2.58374507e+00 
 1.04923574e-01 -2.57796749e+00 
 1.04946249e-01 -2.57220036e+00 
 1.04968924e-01 -2.56644406e+00 
 1.04991599e-01 -2.56069889e+00 
 1.05014274e-01 -2.55496507e+00 
 1.05036949e-01 -2.54924278e+00 
 1.05059624e-01 -2.54353217e+00 
 1.05082299e-01 -2.53783335e+00 
 1.05104974e-01 -2.53214640e+00 
 1.05127649e-01 -2.52647138e+00 
 1.05150324e-01 -2.52080834e+00 
 1.05172999e-01 -2.51515730e+00 
 1.05195674e-01 -2.50951828e+00 
 1.05218349e-01 -2.50389129e+00 
 1.05241024e-01 -2.49827631e+00 
 1.05263699e-01 -2.49267333e+00 
 1.05286374e-01 -2.48708232e+00 
 1.05309049e-01 -2.48150323e+00 
 1.05331724e-01 -2.47593604e+00 
 1.05354399e-01 -2.47038066e+00 
 1.05377074e-01 -2.46483703e+00 
 1.05399749e-01 -2.45930507e+00 
 1.05422424e-01 -2.45378466e+00 
 1.05445099e-01 -2.44827569e+00 
 1.05467774e-01 -2.44277801e+00 
 1.05490449e-01 -2.43729143e+00 
 1.05513124e-01 -2.43181575e+00 
 1.05535799e-01 -2.42635069e+00 
 1.05558474e-01 -2.42089596e+00 
 1.05581149e-01 -2.41545112e+00 
 1.05603824e-01 -2.41001572e+00 
 1.05626499e-01 -2.40458908e+00 
 1.05649174e-01 -2.39917041e+00 
 1.05671849e-01 -2.39375865e+00 
 1.05694524e-01 -2.38835237e+00 
 1.05717199e-01 -2.38294973e+00 
 1.05739874e-01 -2.37754813e+00 
 1.05762549e-01 -2.37214397e+00 
 1.05785224e-01 -2.36673216e+00 
 1.05807899e-01 -2.36130520e+00 
 1.05830574e-01 -2.35585189e+00 
 1.05853249e-01 -2.35035482e+00 
 1.05875924e-01 -2.34478613e+00 
 1.05898599e-01 -2.33912268e+00 
 1.05921274e-01 -2.33333930e+00 
 1.05943949e-01 -2.32738903e+00 
 1.05966624e-01 -2.32120716e+00 
 1.05989299e-01 -2.31470438e+00 
 1.06011974e-01 -2.30775696e+00 
 1.06034649e-01 -2.30019325e+00 
 1.06057324e-01 -2.29177490e+00 
 1.06079999e-01 -2.28217080e+00 
 1.06102674e-01 -2.27092146e+00 
 1.06125349e-01 -2.25739077e+00 
 1.06148024e-01 -2.24070209e+00 
 1.06170699e-01 -2.21965577e+00 
 1.06193374e-01 -2.19262750e+00 
 1.06216049e-01 -2.15745159e+00 
 1.06238724e-01 -2.11130320e+00 
 1.06261399e-01 -2.05061052e+00 
 1.06284074e-01 -1.97105286e+00 
 1.06306749e-01 -1.86772876e+00 
 1.06329424e-01 -1.73559386e+00 
 1.06352099e-01 -1.57024147e+00 
 1.06374774e-01 -1.36898991e+00 
 1.06397449e-01 -1.13204765e+00 
 1.06420124e-01 -8.63048791e-01 
 1.06442799e-01 -5.70442724e-01 
 1.06465474e-01 -2.63163093e-01 
 1.06488149e-01  4.65557371e-02 
 1.06510824e-01  3.49219110e-01 
 1.06533499e-01  6.37146691e-01 
 1.06556174e-01  9.06784316e-01 
 1.06578849e-01  1.15603952e+00 
 1.06601524e-01  1.38531497e+00 
 1.06624199e-01  1.59622423e+00 
 1.06646874e-01  1.79089505e+00 
 1.06669549e-01  1.97150080e+00 
 1.06692224e-01  2.13999849e+00 
 1.06714899e-01  2.29802087e+00 
 1.06737574e-01  2.44686437e+00 
 1.06760249e-01  2.58752662e+00 
 1.06782924e-01  2.72076245e+00 
 1.06805599e-01  2.84714107e+00 
 1.06828274e-01  2.96709556e+00 
 1.06850949e-01  3.08096229e+00 
 1.06873624e-01  3.18901024e+00 
 1.06896299e-01  3.29146188e+00 
 1.06918974e-01  3.38850760e+00 
 1.06941649e-01  3.48031520e+00 
 1.06964324e-01  3.56703622e+00 
 1.06986999e-01  3.64880992e+00 
 1.07009674e-01  3.72576589e+00 
 1.07032349e-01  3.79802561e+00 
 1.07055024e-01  3.86570353e+00 
 1.07077699e-01  3.92890775e+00 
 1.07100374e-01  3.98774044e+00 
 1.07123049e-01  4.04229822e+00 
 1.07145724e-01  4.09267230e+00 
 1.07168399e-01  4.13894875e+00 
 1.07191074e-01  4.18120861e+00 
 1.07213749e-01  4.21952800e+00 
 1.07236424e-01  4.25397827e+00 
 1.07259099e-01  4.28462609e+00 
 1.07281774e-01  4.31153353e+00 
 1.07304449e-01  4.33475818e+00 
 1.07327124e-01  4.35435324e+00 
 1.07349799e-01  4.37036755e+00 
 1.07372474e-01  4.38284576e+00 
 1.07395149e-01  4.39182835e+00 
 1.07417824e-01  4.39735169e+00 
 1.07440499e-01  4.39944820e+00 
 1.07463174e-01  4.39814633e+00 
 1.07485849e-01  4.39347068e+00 
 1.07508524e-01  4.38544208e+00 
 1.07531199e-01  4.37407763e+00 
 1.07553874e-01  4.35939081e+00 
 1.07576549e-01  4.34139154e+00 
 1.07599224e-01  4.32008625e+00 
 1.07621899e-01  4.29547799e+00 
 1.07644574e-01  4.26756651e+00 
 1.07667249e-01  4.23634834e+00 
 1.07689924e-01  4.20181692e+00 
 1.07712599e-01  4.16396269e+00 
 1.07735274e-01  4.12277324e+00 
 1.07757949e-01  4.07823339e+00 
 1.07780624e-01  4.03032539e+00 
 1.07803299e-01  3.97902906e+00 
 1.07825974e-01  3.92432195e+00 
 1.07848649e-01  3.86617961e+00 
 1.07871324e-01  3.80457572e+00 
 1.07893999e-01  3.73948246e+00 
 1.07916674e-01  3.67087069e+00 
 1.07939349e-01  3.59871039e+00 
 1.07962024e-01  3.52297095e+00 
 1.07984699e-01  3.44362162e+00 
 1.08007374e-01  3.36063199e+00 
 1.08030049e-01  3.27397254e+00 
 1.08052724e-01  3.18361521e+00 
 1.08075399e-01  3.08953412e+00 
 1.08098074e-01  2.99170631e+00 
 1.08120749e-01  2.89011259e+00 
 1.08143424e-01  2.78473853e+00 
 1.08166099e-01  2.67557549e+00 
 1.08188774e-01  2.56262182e+00 
 1.08211449e-01  2.44588418e+00 
 1.08234124e-01  2.32537899e+00 
 1.08256799e-01  2.20113401e+00 
 1.08279474e-01  2.07319009e+00 
 1.08302149e-01  1.94160308e+00 
 1.08324824e-01  1.80644588e+00 
 1.08347499e-01  1.66781065e+00 
 1.08370174e-01  1.52581114e+00 
 1.08392849e-01  1.38058523e+00 
 1.08415524e-01  1.23229747e+00 
 1.08438199e-01  1.08114178e+00 
 1.08460874e-01  9.27344160e-01 
 1.08483549e-01  7.71165328e-01 
 1.08506224e-01  6.12903309e-01 
 1.08528899e-01  4.52895763e-01 
 1.08551574e-01  2.91522008e-01 
 1.08574249e-01  1.29204582e-01 
 1.08596924e-01 -3.35898982e-02 
 1.08619599e-01 -1.96350653e-01 
 1.08642274e-01 -3.58523780e-01 
 1.08664949e-01 -5.19514522e-01 
 1.08687624e-01 -6.78691082e-01 
 1.08710299e-01 -8.35390192e-01 
 1.08732974e-01 -9.88924534e-01 
 1.08755649e-01 -1.13859231e+00 
 1.08778324e-01 -1.28368878e+00 
 1.08800999e-01 -1.42351983e+00 
 1.08823674e-01 -1.55741730e+00 
 1.08846349e-01 -1.68475556e+00 
 1.08869024e-01 -1.80496877e+00 
 1.08891699e-01 -1.91756805e+00 
 1.08914374e-01 -2.02215748e+00 
 1.08937049e-01 -2.11844792e+00 
 1.08959724e-01 -2.20626767e+00 
 1.08982399e-01 -2.28556884e+00 
 1.09000000e-01 -2.34128733e+00 
