-5.00000000e+00  1.18583645e-01 
-4.90000000e+00  1.18097092e-01 
-4.80000000e+00  1.17610539e-01 
-4.70000000e+00  1.17123987e-01 
-4.60000000e+00  1.16637434e-01 
-4.50000000e+00  1.16150882e-01 
-4.40000000e+00  1.15664329e-01 
-4.30000000e+00  1.15177776e-01 
-4.20000000e+00  1.14691224e-01 
-4.10000000e+00  1.14204671e-01 
-4.00000000e+00  1.13718119e-01 
-3.90000000e+00  1.13231567e-01 
-3.80000000e+00  1.12745014e-01 
-3.70000000e+00  1.12258462e-01 
-3.60000000e+00  1.11771909e-01 
-3.50000000e+00  1.11285357e-01 
-3.40000000e+00  1.10798805e-01 
-3.30000000e+00  1.10312252e-01 
-3.20000000e+00  1.09825699e-01 
-3.10000000e+00  1.09339146e-01 
-3.00000000e+00  1.08852593e-01 
-2.90000000e+00  1.08366041e-01 
-2.80000000e+00  1.07879488e-01 
-2.70000000e+00  1.07392935e-01 
-2.60000000e+00  1.06906382e-01 
-2.50000000e+00  1.06419829e-01 
-2.40000000e+00  1.05933276e-01 
-2.30000000e+00  1.05446723e-01 
-2.20000000e+00  1.04960169e-01 
-2.10000000e+00  1.04473616e-01 
-2.00000000e+00  1.03987062e-01 
-1.90000000e+00  1.03500507e-01 
-1.80000000e+00  1.03013952e-01 
-1.70000000e+00  1.02527396e-01 
-1.60000000e+00  1.02040839e-01 
-1.50000000e+00  1.01554281e-01 
-1.40000000e+00  1.01067720e-01 
-1.30000000e+00  1.00581155e-01 
-1.20000000e+00  1.00094585e-01 
-1.10000000e+00  9.96080049e-02 
-1.00000000e+00  9.91214073e-02 
-9.00000000e-01  9.86347758e-02 
-8.00000000e-01  9.81480716e-02 
-7.00000000e-01  9.76611862e-02 
-6.00000000e-01  9.71737441e-02 
-5.00000000e-01  9.66838503e-02 
-4.00000000e-01  9.61710877e-02 
-3.00000000e-01  9.51722600e-02 
-2.00000000e-01  8.64530950e-02 
-1.00000000e-01  3.88160942e-02 
-1.02695630e-15 -7.93080596e-04 
 1.00000000e-01 -5.29538251e-03 
 2.00000000e-01 -5.50194528e-03 
 3.00000000e-01 -5.51726599e-03 
 4.00000000e-01 -5.52315803e-03 
 5.00000000e-01 -5.52842417e-03 
 6.00000000e-01 -5.53360709e-03 
 7.00000000e-01 -5.53876953e-03 
 8.00000000e-01 -5.54392487e-03 
 9.00000000e-01 -5.54907706e-03 
 1.00000000e+00 -5.55422809e-03 
 1.10000000e+00 -5.55937854e-03 
 1.20000000e+00 -5.56452794e-03 
 1.30000000e+00 -5.56967733e-03 
 1.40000000e+00 -5.57482697e-03 
 1.50000000e+00 -5.57997625e-03 
 1.60000000e+00 -5.58512565e-03 
 1.70000000e+00 -5.59027470e-03 
 1.80000000e+00 -5.59542363e-03 
 1.90000000e+00 -5.60057280e-03 
 2.00000000e+00 -5.60572161e-03 
 2.10000000e+00 -5.61087090e-03 
 2.20000000e+00 -5.61601971e-03 
 2.30000000e+00 -5.62116923e-03 
 2.40000000e+00 -5.62631804e-03 
 2.50000000e+00 -5.63146733e-03 
 2.60000000e+00 -5.63661614e-03 
 2.70000000e+00 -5.64176473e-03 
 2.80000000e+00 -5.64691448e-03 
 2.90000000e+00 -5.65206283e-03 
 3.00000000e+00 -5.65721211e-03 
 3.10000000e+00 -5.66236116e-03 
 3.20000000e+00 -5.66751021e-03 
 3.30000000e+00 -5.67265903e-03 
 3.40000000e+00 -5.67780901e-03 
 3.50000000e+00 -5.68295713e-03 
 3.60000000e+00 -5.68810664e-03 
 3.70000000e+00 -5.69325546e-03 
 3.80000000e+00 -5.69840427e-03 
 3.90000000e+00 -5.70355309e-03 
 4.00000000e+00 -5.70870237e-03 
 4.10000000e+00 -5.71385119e-03 
 4.20000000e+00 -5.71900047e-03 
 4.30000000e+00 -5.72414929e-03 
 4.40000000e+00 -5.72929764e-03 
 4.50000000e+00 -5.73444786e-03 
 4.60000000e+00 -5.73959621e-03 
 4.70000000e+00 -5.74474549e-03 
 4.80000000e+00 -5.74989431e-03 
 4.90000000e+00 -5.75504266e-03 
 5.00000000e+00 -5.76019241e-03 
