-5.00000000e+00  5.66896703e-03 
-4.90000000e+00  5.64585254e-03 
-4.80000000e+00  5.62273804e-03 
-4.70000000e+00  5.59962308e-03 
-4.60000000e+00  5.57650765e-03 
-4.50000000e+00  5.55339223e-03 
-4.40000000e+00  5.53027680e-03 
-4.30000000e+00  5.50716324e-03 
-4.20000000e+00  5.48404781e-03 
-4.10000000e+00  5.46093285e-03 
-4.00000000e+00  5.43781742e-03 
-3.90000000e+00  5.41470246e-03 
-3.80000000e+00  5.39158704e-03 
-3.70000000e+00  5.36847208e-03 
-3.60000000e+00  5.34535712e-03 
-3.50000000e+00  5.32224285e-03 
-3.40000000e+00  5.29912626e-03 
-3.30000000e+00  5.27601154e-03 
-3.20000000e+00  5.25289681e-03 
-3.10000000e+00  5.22978161e-03 
-3.00000000e+00  5.20666619e-03 
-2.90000000e+00  5.18355146e-03 
-2.80000000e+00  5.16043580e-03 
-2.70000000e+00  5.13732061e-03 
-2.60000000e+00  5.11420518e-03 
-2.50000000e+00  5.09108976e-03 
-2.40000000e+00  5.06797456e-03 
-2.30000000e+00  5.04485867e-03 
-2.20000000e+00  5.02174301e-03 
-2.10000000e+00  4.99862782e-03 
-2.00000000e+00  4.97551146e-03 
-1.90000000e+00  4.95239533e-03 
-1.80000000e+00  4.92927874e-03 
-1.70000000e+00  4.90616192e-03 
-1.60000000e+00  4.88304463e-03 
-1.50000000e+00  4.85992641e-03 
-1.40000000e+00  4.83680726e-03 
-1.30000000e+00  4.81368636e-03 
-1.20000000e+00  4.79056325e-03 
-1.10000000e+00  4.76743630e-03 
-1.00000000e+00  4.74430260e-03 
-9.00000000e-01  4.72115795e-03 
-8.00000000e-01  4.69799177e-03 
-7.00000000e-01  4.67478106e-03 
-6.00000000e-01  4.65146312e-03 
-5.00000000e-01  4.62783442e-03 
-4.00000000e-01  4.60296930e-03 
-3.00000000e-01  4.56903683e-03 
-2.00000000e-01  4.35775665e-03 
-1.00000000e-01  2.37714990e-03 
-1.02695630e-15 -6.22543048e-05 
 1.00000000e-01 -3.42058192e-04 
 2.00000000e-01 -3.56957287e-04 
 3.00000000e-01 -3.58199293e-04 
 4.00000000e-01 -3.58649006e-04 
 5.00000000e-01 -3.59002617e-04 
 6.00000000e-01 -3.59334634e-04 
 7.00000000e-01 -3.59659665e-04 
 8.00000000e-01 -3.59981612e-04 
 9.00000000e-01 -3.60302394e-04 
 1.00000000e+00 -3.60622187e-04 
 1.10000000e+00 -3.60942096e-04 
 1.20000000e+00 -3.61261191e-04 
 1.30000000e+00 -3.61580402e-04 
 1.40000000e+00 -3.61899496e-04 
 1.50000000e+00 -3.62218590e-04 
 1.60000000e+00 -3.62537801e-04 
 1.70000000e+00 -3.62856779e-04 
 1.80000000e+00 -3.63175524e-04 
 1.90000000e+00 -3.63494502e-04 
 2.00000000e+00 -3.63813480e-04 
 2.10000000e+00 -3.64132924e-04 
 2.20000000e+00 -3.64451203e-04 
 2.30000000e+00 -3.64770181e-04 
 2.40000000e+00 -3.65089159e-04 
 2.50000000e+00 -3.65407439e-04 
 2.60000000e+00 -3.65726883e-04 
 2.70000000e+00 -3.66045861e-04 
 2.80000000e+00 -3.66364606e-04 
 2.90000000e+00 -3.66683351e-04 
 3.00000000e+00 -3.67002562e-04 
 3.10000000e+00 -3.67322005e-04 
 3.20000000e+00 -3.67640750e-04 
 3.30000000e+00 -3.67958797e-04 
 3.40000000e+00 -3.68278008e-04 
 3.50000000e+00 -3.68596986e-04 
 3.60000000e+00 -3.68915731e-04 
 3.70000000e+00 -3.69234942e-04 
 3.80000000e+00 -3.69553920e-04 
 3.90000000e+00 -3.69872432e-04 
 4.00000000e+00 -3.70191410e-04 
 4.10000000e+00 -3.70510854e-04 
 4.20000000e+00 -3.70829366e-04 
 4.30000000e+00 -3.71147878e-04 
 4.40000000e+00 -3.71466856e-04 
 4.50000000e+00 -3.71785834e-04 
 4.60000000e+00 -3.72104812e-04 
 4.70000000e+00 -3.72423325e-04 
 4.80000000e+00 -3.72742303e-04 
 4.90000000e+00 -3.73061281e-04 
 5.00000000e+00 -3.73380259e-04 
