-5.00000000e+00  8.74996339e-02 
-4.90000000e+00  8.71408111e-02 
-4.80000000e+00  8.67819935e-02 
-4.70000000e+00  8.64231763e-02 
-4.60000000e+00  8.60643578e-02 
-4.50000000e+00  8.57055406e-02 
-4.40000000e+00  8.53467225e-02 
-4.30000000e+00  8.49879058e-02 
-4.20000000e+00  8.46290872e-02 
-4.10000000e+00  8.42702701e-02 
-4.00000000e+00  8.39114510e-02 
-3.90000000e+00  8.35526334e-02 
-3.80000000e+00  8.31938158e-02 
-3.70000000e+00  8.28349977e-02 
-3.60000000e+00  8.24761798e-02 
-3.50000000e+00  8.21173626e-02 
-3.40000000e+00  8.17585443e-02 
-3.30000000e+00  8.13997260e-02 
-3.20000000e+00  8.10409086e-02 
-3.10000000e+00  8.06820905e-02 
-3.00000000e+00  8.03232731e-02 
-2.90000000e+00  7.99644543e-02 
-2.80000000e+00  7.96056360e-02 
-2.70000000e+00  7.92468183e-02 
-2.60000000e+00  7.88880002e-02 
-2.50000000e+00  7.85291821e-02 
-2.40000000e+00  7.81703633e-02 
-2.30000000e+00  7.78115450e-02 
-2.20000000e+00  7.74527262e-02 
-2.10000000e+00  7.70939065e-02 
-2.00000000e+00  7.67350877e-02 
-1.90000000e+00  7.63762679e-02 
-1.80000000e+00  7.60174477e-02 
-1.70000000e+00  7.56586265e-02 
-1.60000000e+00  7.52998043e-02 
-1.50000000e+00  7.49409809e-02 
-1.40000000e+00  7.45821549e-02 
-1.30000000e+00  7.42233254e-02 
-1.20000000e+00  7.38644905e-02 
-1.10000000e+00  7.35056468e-02 
-1.00000000e+00  7.31467868e-02 
-9.00000000e-01  7.27878960e-02 
-8.00000000e-01  7.24289409e-02 
-7.00000000e-01  7.20698301e-02 
-6.00000000e-01  7.17102620e-02 
-5.00000000e-01  7.13488394e-02 
-4.00000000e-01  7.09731679e-02 
-3.00000000e-01  7.03042441e-02 
-2.00000000e-01  6.47848012e-02 
-1.00000000e-01  2.98471209e-02 
-1.02695630e-15 -5.99114254e-04 
 1.00000000e-01 -3.88484565e-03 
 2.00000000e-01 -4.03625080e-03 
 3.00000000e-01 -4.04764630e-03 
 4.00000000e-01 -4.05198862e-03 
 5.00000000e-01 -4.05584497e-03 
 6.00000000e-01 -4.05963120e-03 
 7.00000000e-01 -4.06339939e-03 
 8.00000000e-01 -4.06716112e-03 
 9.00000000e-01 -4.07092035e-03 
 1.00000000e+00 -4.07467794e-03 
 1.10000000e+00 -4.07843513e-03 
 1.20000000e+00 -4.08219197e-03 
 1.30000000e+00 -4.08594846e-03 
 1.40000000e+00 -4.08970448e-03 
 1.50000000e+00 -4.09346097e-03 
 1.60000000e+00 -4.09721711e-03 
 1.70000000e+00 -4.10097325e-03 
 1.80000000e+00 -4.10472939e-03 
 1.90000000e+00 -4.10848553e-03 
 2.00000000e+00 -4.11224132e-03 
 2.10000000e+00 -4.11599781e-03 
 2.20000000e+00 -4.11975337e-03 
 2.30000000e+00 -4.12350963e-03 
 2.40000000e+00 -4.12726519e-03 
 2.50000000e+00 -4.13102168e-03 
 2.60000000e+00 -4.13477770e-03 
 2.70000000e+00 -4.13853349e-03 
 2.80000000e+00 -4.14228952e-03 
 2.90000000e+00 -4.14604531e-03 
 3.00000000e+00 -4.14980156e-03 
 3.10000000e+00 -4.15355759e-03 
 3.20000000e+00 -4.15731338e-03 
 3.30000000e+00 -4.16106964e-03 
 3.40000000e+00 -4.16482519e-03 
 3.50000000e+00 -4.16858145e-03 
 3.60000000e+00 -4.17233747e-03 
 3.70000000e+00 -4.17609373e-03 
 3.80000000e+00 -4.17984976e-03 
 3.90000000e+00 -4.18360531e-03 
 4.00000000e+00 -4.18736180e-03 
 4.10000000e+00 -4.19111736e-03 
 4.20000000e+00 -4.19487385e-03 
 4.30000000e+00 -4.19862894e-03 
 4.40000000e+00 -4.20238543e-03 
 4.50000000e+00 -4.20614146e-03 
 4.60000000e+00 -4.20989748e-03 
 4.70000000e+00 -4.21365350e-03 
 4.80000000e+00 -4.21740906e-03 
 4.90000000e+00 -4.22116555e-03 
 5.00000000e+00 -4.22492158e-03 
