-5.00000000e+00  5.58891804e-02 
-4.90000000e+00  5.56601891e-02 
-4.80000000e+00  5.54311839e-02 
-4.70000000e+00  5.52021759e-02 
-4.60000000e+00  5.49731678e-02 
-4.50000000e+00  5.47441598e-02 
-4.40000000e+00  5.45151513e-02 
-4.30000000e+00  5.42861433e-02 
-4.20000000e+00  5.40571357e-02 
-4.10000000e+00  5.38281268e-02 
-4.00000000e+00  5.35991183e-02 
-3.90000000e+00  5.33701102e-02 
-3.80000000e+00  5.31411022e-02 
-3.70000000e+00  5.29120937e-02 
-3.60000000e+00  5.26830861e-02 
-3.50000000e+00  5.24540776e-02 
-3.40000000e+00  5.22250689e-02 
-3.30000000e+00  5.19960604e-02 
-3.20000000e+00  5.17670526e-02 
-3.10000000e+00  5.15380437e-02 
-3.00000000e+00  5.13090356e-02 
-2.90000000e+00  5.10800274e-02 
-2.80000000e+00  5.08510184e-02 
-2.70000000e+00  5.06220101e-02 
-2.60000000e+00  5.03930014e-02 
-2.50000000e+00  5.01639924e-02 
-2.40000000e+00  4.99349837e-02 
-2.30000000e+00  4.97059743e-02 
-2.20000000e+00  4.94769656e-02 
-2.10000000e+00  4.92479566e-02 
-2.00000000e+00  4.90189465e-02 
-1.90000000e+00  4.87899366e-02 
-1.80000000e+00  4.85609256e-02 
-1.70000000e+00  4.83319144e-02 
-1.60000000e+00  4.81029020e-02 
-1.50000000e+00  4.78738885e-02 
-1.40000000e+00  4.76448725e-02 
-1.30000000e+00  4.74158536e-02 
-1.20000000e+00  4.71868300e-02 
-1.10000000e+00  4.69577980e-02 
-1.00000000e+00  4.67287517e-02 
-9.00000000e-01  4.64996792e-02 
-8.00000000e-01  4.62705522e-02 
-7.00000000e-01  4.60412984e-02 
-6.00000000e-01  4.58116918e-02 
-5.00000000e-01  4.55807752e-02 
-4.00000000e-01  4.53415783e-02 
-3.00000000e-01  4.49521450e-02 
-2.00000000e-01  4.19321254e-02 
-1.00000000e-01  2.00050310e-02 
-1.02695630e-15 -4.04253932e-04 
 1.00000000e-01 -2.51416340e-03 
 2.00000000e-01 -2.61276486e-03 
 3.00000000e-01 -2.62031262e-03 
 4.00000000e-01 -2.62315353e-03 
 5.00000000e-01 -2.62564624e-03 
 6.00000000e-01 -2.62808311e-03 
 7.00000000e-01 -2.63050484e-03 
 8.00000000e-01 -2.63292110e-03 
 9.00000000e-01 -2.63533503e-03 
 1.00000000e+00 -2.63774756e-03 
 1.10000000e+00 -2.64015980e-03 
 1.20000000e+00 -2.64257146e-03 
 1.30000000e+00 -2.64498300e-03 
 1.40000000e+00 -2.64739420e-03 
 1.50000000e+00 -2.64980574e-03 
 1.60000000e+00 -2.65221682e-03 
 1.70000000e+00 -2.65462813e-03 
 1.80000000e+00 -2.65703932e-03 
 1.90000000e+00 -2.65945052e-03 
 2.00000000e+00 -2.66186125e-03 
 2.10000000e+00 -2.66427267e-03 
 2.20000000e+00 -2.66668387e-03 
 2.30000000e+00 -2.66909460e-03 
 2.40000000e+00 -2.67150579e-03 
 2.50000000e+00 -2.67391698e-03 
 2.60000000e+00 -2.67632771e-03 
 2.70000000e+00 -2.67873891e-03 
 2.80000000e+00 -2.68114987e-03 
 2.90000000e+00 -2.68356106e-03 
 3.00000000e+00 -2.68597202e-03 
 3.10000000e+00 -2.68838345e-03 
 3.20000000e+00 -2.69079441e-03 
 3.30000000e+00 -2.69320537e-03 
 3.40000000e+00 -2.69561680e-03 
 3.50000000e+00 -2.69802706e-03 
 3.60000000e+00 -2.70043802e-03 
 3.70000000e+00 -2.70284899e-03 
 3.80000000e+00 -2.70526065e-03 
 3.90000000e+00 -2.70767184e-03 
 4.00000000e+00 -2.71008257e-03 
 4.10000000e+00 -2.71249330e-03 
 4.20000000e+00 -2.71490449e-03 
 4.30000000e+00 -2.71731522e-03 
 4.40000000e+00 -2.71972641e-03 
 4.50000000e+00 -2.72213854e-03 
 4.60000000e+00 -2.72454927e-03 
 4.70000000e+00 -2.72696000e-03 
 4.80000000e+00 -2.72937072e-03 
 4.90000000e+00 -2.73178192e-03 
 5.00000000e+00 -2.73419265e-03 
