-5.00000000e+00  5.29767757e-03 
-4.90000000e+00  5.25643786e-03 
-4.80000000e+00  5.21519877e-03 
-4.70000000e+00  5.17395957e-03 
-4.60000000e+00  5.13272037e-03 
-4.50000000e+00  5.09148117e-03 
-4.40000000e+00  5.05024196e-03 
-4.30000000e+00  5.00900276e-03 
-4.20000000e+00  4.96776356e-03 
-4.10000000e+00  4.92652436e-03 
-4.00000000e+00  4.88528516e-03 
-3.90000000e+00  4.84404596e-03 
-3.80000000e+00  4.80280675e-03 
-3.70000000e+00  4.76156755e-03 
-3.60000000e+00  4.72032835e-03 
-3.50000000e+00  4.67908915e-03 
-3.40000000e+00  4.63784995e-03 
-3.30000000e+00  4.59661074e-03 
-3.20000000e+00  4.55537154e-03 
-3.10000000e+00  4.51413233e-03 
-3.00000000e+00  4.47289313e-03 
-2.90000000e+00  4.43165392e-03 
-2.80000000e+00  4.39041472e-03 
-2.70000000e+00  4.34917551e-03 
-2.60000000e+00  4.30793630e-03 
-2.50000000e+00  4.26669708e-03 
-2.40000000e+00  4.22545787e-03 
-2.30000000e+00  4.18421865e-03 
-2.20000000e+00  4.14297942e-03 
-2.10000000e+00  4.10174019e-03 
-2.00000000e+00  4.06050095e-03 
-1.90000000e+00  4.01926169e-03 
-1.80000000e+00  3.97802242e-03 
-1.70000000e+00  3.93678313e-03 
-1.60000000e+00  3.89554381e-03 
-1.50000000e+00  3.85430445e-03 
-1.40000000e+00  3.81306503e-03 
-1.30000000e+00  3.77182551e-03 
-1.20000000e+00  3.73058586e-03 
-1.10000000e+00  3.68934598e-03 
-1.00000000e+00  3.64810570e-03 
-9.00000000e-01  3.60686473e-03 
-8.00000000e-01  3.56562235e-03 
-7.00000000e-01  3.52437686e-03 
-6.00000000e-01  3.48312326e-03 
-5.00000000e-01  3.44184271e-03 
-4.00000000e-01  3.40042492e-03 
-3.00000000e-01  3.35711681e-03 
-2.00000000e-01  3.26159147e-03 
-1.00000000e-01  2.19953442e-03 
-1.02695630e-15 -1.98143669e-05 
 1.00000000e-01 -2.49292782e-04 
 2.00000000e-01 -2.57232788e-04 
 3.00000000e-01 -2.58985370e-04 
 4.00000000e-01 -2.60580169e-04 
 5.00000000e-01 -2.62167283e-04 
 6.00000000e-01 -2.63753149e-04 
 7.00000000e-01 -2.65338670e-04 
 8.00000000e-01 -2.66924066e-04 
 9.00000000e-01 -2.68509408e-04 
 1.00000000e+00 -2.70094724e-04 
 1.10000000e+00 -2.71680025e-04 
 1.20000000e+00 -2.73265318e-04 
 1.30000000e+00 -2.74850606e-04 
 1.40000000e+00 -2.76435890e-04 
 1.50000000e+00 -2.78021173e-04 
 1.60000000e+00 -2.79606454e-04 
 1.70000000e+00 -2.81191734e-04 
 1.80000000e+00 -2.82777013e-04 
 1.90000000e+00 -2.84362292e-04 
 2.00000000e+00 -2.85947571e-04 
 2.10000000e+00 -2.87532848e-04 
 2.20000000e+00 -2.89118127e-04 
 2.30000000e+00 -2.90703405e-04 
 2.40000000e+00 -2.92288682e-04 
 2.50000000e+00 -2.93873961e-04 
 2.60000000e+00 -2.95459238e-04 
 2.70000000e+00 -2.97044515e-04 
 2.80000000e+00 -2.98629792e-04 
 2.90000000e+00 -3.00215071e-04 
 3.00000000e+00 -3.01800348e-04 
 3.10000000e+00 -3.03385625e-04 
 3.20000000e+00 -3.04970903e-04 
 3.30000000e+00 -3.06556180e-04 
 3.40000000e+00 -3.08141457e-04 
 3.50000000e+00 -3.09726735e-04 
 3.60000000e+00 -3.11312013e-04 
 3.70000000e+00 -3.12897290e-04 
 3.80000000e+00 -3.14482567e-04 
 3.90000000e+00 -3.16067845e-04 
 4.00000000e+00 -3.17653122e-04 
 4.10000000e+00 -3.19238400e-04 
 4.20000000e+00 -3.20823678e-04 
 4.30000000e+00 -3.22408955e-04 
 4.40000000e+00 -3.23994233e-04 
 4.50000000e+00 -3.25579510e-04 
 4.60000000e+00 -3.27164788e-04 
 4.70000000e+00 -3.28750065e-04 
 4.80000000e+00 -3.30335342e-04 
 4.90000000e+00 -3.31920621e-04 
 5.00000000e+00 -3.33505897e-04 
