-5.00000000e+00  1.06895366e-02 
-4.90000000e+00  1.06061163e-02 
-4.80000000e+00  1.05226960e-02 
-4.70000000e+00  1.04392757e-02 
-4.60000000e+00  1.03558554e-02 
-4.50000000e+00  1.02724350e-02 
-4.40000000e+00  1.01890147e-02 
-4.30000000e+00  1.01055944e-02 
-4.20000000e+00  1.00221741e-02 
-4.10000000e+00  9.93875380e-03 
-4.00000000e+00  9.85533349e-03 
-3.90000000e+00  9.77191318e-03 
-3.80000000e+00  9.68849287e-03 
-3.70000000e+00  9.60507256e-03 
-3.60000000e+00  9.52165225e-03 
-3.50000000e+00  9.43823194e-03 
-3.40000000e+00  9.35481163e-03 
-3.30000000e+00  9.27139132e-03 
-3.20000000e+00  9.18797100e-03 
-3.10000000e+00  9.10455069e-03 
-3.00000000e+00  9.02113038e-03 
-2.90000000e+00  8.93771006e-03 
-2.80000000e+00  8.85428975e-03 
-2.70000000e+00  8.77086943e-03 
-2.60000000e+00  8.68744911e-03 
-2.50000000e+00  8.60402879e-03 
-2.40000000e+00  8.52060847e-03 
-2.30000000e+00  8.43718814e-03 
-2.20000000e+00  8.35376780e-03 
-2.10000000e+00  8.27034746e-03 
-2.00000000e+00  8.18692711e-03 
-1.90000000e+00  8.10350675e-03 
-1.80000000e+00  8.02008637e-03 
-1.70000000e+00  7.93666597e-03 
-1.60000000e+00  7.85324553e-03 
-1.50000000e+00  7.76982506e-03 
-1.40000000e+00  7.68640452e-03 
-1.30000000e+00  7.60298389e-03 
-1.20000000e+00  7.51956311e-03 
-1.10000000e+00  7.43614208e-03 
-1.00000000e+00  7.35272063e-03 
-9.00000000e-01  7.26929839e-03 
-8.00000000e-01  7.18587457e-03 
-7.00000000e-01  7.10244709e-03 
-6.00000000e-01  7.01900962e-03 
-5.00000000e-01  6.93553625e-03 
-4.00000000e-01  6.85184915e-03 
-3.00000000e-01  6.76409942e-03 
-2.00000000e-01  6.56873616e-03 
-1.00000000e-01  4.41336431e-03 
-1.02695630e-15 -3.84856385e-05 
 1.00000000e-01 -5.27734606e-04 
 2.00000000e-01 -5.44708523e-04 
 3.00000000e-01 -5.48457920e-04 
 4.00000000e-01 -5.51863471e-04 
 5.00000000e-01 -5.55256331e-04 
 6.00000000e-01 -5.58647445e-04 
 7.00000000e-01 -5.62038112e-04 
 8.00000000e-01 -5.65428625e-04 
 9.00000000e-01 -5.68819072e-04 
 1.00000000e+00 -5.72209489e-04 
 1.10000000e+00 -5.75599889e-04 
 1.20000000e+00 -5.78990278e-04 
 1.30000000e+00 -5.82380664e-04 
 1.40000000e+00 -5.85771045e-04 
 1.50000000e+00 -5.89161423e-04 
 1.60000000e+00 -5.92551801e-04 
 1.70000000e+00 -5.95942177e-04 
 1.80000000e+00 -5.99332552e-04 
 1.90000000e+00 -6.02722927e-04 
 2.00000000e+00 -6.06113302e-04 
 2.10000000e+00 -6.09503675e-04 
 2.20000000e+00 -6.12894049e-04 
 2.30000000e+00 -6.16284424e-04 
 2.40000000e+00 -6.19674797e-04 
 2.50000000e+00 -6.23065170e-04 
 2.60000000e+00 -6.26455544e-04 
 2.70000000e+00 -6.29845918e-04 
 2.80000000e+00 -6.33236290e-04 
 2.90000000e+00 -6.36626664e-04 
 3.00000000e+00 -6.40017037e-04 
 3.10000000e+00 -6.43407410e-04 
 3.20000000e+00 -6.46797783e-04 
 3.30000000e+00 -6.50188157e-04 
 3.40000000e+00 -6.53578530e-04 
 3.50000000e+00 -6.56968904e-04 
 3.60000000e+00 -6.60359276e-04 
 3.70000000e+00 -6.63749650e-04 
 3.80000000e+00 -6.67140024e-04 
 3.90000000e+00 -6.70530397e-04 
 4.00000000e+00 -6.73920770e-04 
 4.10000000e+00 -6.77311144e-04 
 4.20000000e+00 -6.80701516e-04 
 4.30000000e+00 -6.84091891e-04 
 4.40000000e+00 -6.87482263e-04 
 4.50000000e+00 -6.90872635e-04 
 4.60000000e+00 -6.94263012e-04 
 4.70000000e+00 -6.97653384e-04 
 4.80000000e+00 -7.01043758e-04 
 4.90000000e+00 -7.04434131e-04 
 5.00000000e+00 -7.07824505e-04 
