-5.00000000e+00  8.13886546e-03 
-4.90000000e+00  8.07541315e-03 
-4.80000000e+00  8.01196087e-03 
-4.70000000e+00  7.94850860e-03 
-4.60000000e+00  7.88505632e-03 
-4.50000000e+00  7.82160404e-03 
-4.40000000e+00  7.75815177e-03 
-4.30000000e+00  7.69469949e-03 
-4.20000000e+00  7.63124721e-03 
-4.10000000e+00  7.56779494e-03 
-4.00000000e+00  7.50434266e-03 
-3.90000000e+00  7.44089038e-03 
-3.80000000e+00  7.37743811e-03 
-3.70000000e+00  7.31398583e-03 
-3.60000000e+00  7.25053355e-03 
-3.50000000e+00  7.18708128e-03 
-3.40000000e+00  7.12362900e-03 
-3.30000000e+00  7.06017672e-03 
-3.20000000e+00  6.99672444e-03 
-3.10000000e+00  6.93327217e-03 
-3.00000000e+00  6.86981989e-03 
-2.90000000e+00  6.80636761e-03 
-2.80000000e+00  6.74291532e-03 
-2.70000000e+00  6.67946304e-03 
-2.60000000e+00  6.61601076e-03 
-2.50000000e+00  6.55255847e-03 
-2.40000000e+00  6.48910618e-03 
-2.30000000e+00  6.42565388e-03 
-2.20000000e+00  6.36220158e-03 
-2.10000000e+00  6.29874927e-03 
-2.00000000e+00  6.23529696e-03 
-1.90000000e+00  6.17184463e-03 
-1.80000000e+00  6.10839228e-03 
-1.70000000e+00  6.04493991e-03 
-1.60000000e+00  5.98148752e-03 
-1.50000000e+00  5.91803508e-03 
-1.40000000e+00  5.85458257e-03 
-1.30000000e+00  5.79112998e-03 
-1.20000000e+00  5.72767723e-03 
-1.10000000e+00  5.66422425e-03 
-1.00000000e+00  5.60077085e-03 
-9.00000000e-01  5.53731670e-03 
-8.00000000e-01  5.47386102e-03 
-7.00000000e-01  5.41040190e-03 
-6.00000000e-01  5.34693354e-03 
-5.00000000e-01  5.28343307e-03 
-4.00000000e-01  5.21975383e-03 
-3.00000000e-01  5.15306719e-03 
-2.00000000e-01  5.00552590e-03 
-1.00000000e-01  3.37037099e-03 
-1.02695630e-15 -2.95950961e-05 
 1.00000000e-01 -3.92202442e-04 
 2.00000000e-01 -4.04754669e-04 
 3.00000000e-01 -4.07529547e-04 
 4.00000000e-01 -4.10051631e-04 
 5.00000000e-01 -4.12563382e-04 
 6.00000000e-01 -4.15073608e-04 
 7.00000000e-01 -4.17583433e-04 
 8.00000000e-01 -4.20093116e-04 
 9.00000000e-01 -4.22602738e-04 
 1.00000000e+00 -4.25112331e-04 
 1.10000000e+00 -4.27621908e-04 
 1.20000000e+00 -4.30131476e-04 
 1.30000000e+00 -4.32641039e-04 
 1.40000000e+00 -4.35150599e-04 
 1.50000000e+00 -4.37660156e-04 
 1.60000000e+00 -4.40169712e-04 
 1.70000000e+00 -4.42679267e-04 
 1.80000000e+00 -4.45188820e-04 
 1.90000000e+00 -4.47698374e-04 
 2.00000000e+00 -4.50207927e-04 
 2.10000000e+00 -4.52717480e-04 
 2.20000000e+00 -4.55227032e-04 
 2.30000000e+00 -4.57736584e-04 
 2.40000000e+00 -4.60246137e-04 
 2.50000000e+00 -4.62755688e-04 
 2.60000000e+00 -4.65265241e-04 
 2.70000000e+00 -4.67774792e-04 
 2.80000000e+00 -4.70284344e-04 
 2.90000000e+00 -4.72793897e-04 
 3.00000000e+00 -4.75303448e-04 
 3.10000000e+00 -4.77813000e-04 
 3.20000000e+00 -4.80322552e-04 
 3.30000000e+00 -4.82832104e-04 
 3.40000000e+00 -4.85341656e-04 
 3.50000000e+00 -4.87851208e-04 
 3.60000000e+00 -4.90360760e-04 
 3.70000000e+00 -4.92870312e-04 
 3.80000000e+00 -4.95379864e-04 
 3.90000000e+00 -4.97889415e-04 
 4.00000000e+00 -5.00398967e-04 
 4.10000000e+00 -5.02908521e-04 
 4.20000000e+00 -5.05418071e-04 
 4.30000000e+00 -5.07927623e-04 
 4.40000000e+00 -5.10437176e-04 
 4.50000000e+00 -5.12946728e-04 
 4.60000000e+00 -5.15456281e-04 
 4.70000000e+00 -5.17965833e-04 
 4.80000000e+00 -5.20475384e-04 
 4.90000000e+00 -5.22984938e-04 
 5.00000000e+00 -5.25494488e-04 
