-5.00000000e+00  1.56604863e-03 
-4.90000000e+00  1.55390966e-03 
-4.80000000e+00  1.54176993e-03 
-4.70000000e+00  1.52963012e-03 
-4.60000000e+00  1.51749030e-03 
-4.50000000e+00  1.50535049e-03 
-4.40000000e+00  1.49321067e-03 
-4.30000000e+00  1.48107086e-03 
-4.20000000e+00  1.46893105e-03 
-4.10000000e+00  1.45679123e-03 
-4.00000000e+00  1.44465142e-03 
-3.90000000e+00  1.43251160e-03 
-3.80000000e+00  1.42037179e-03 
-3.70000000e+00  1.40823198e-03 
-3.60000000e+00  1.39609216e-03 
-3.50000000e+00  1.38395235e-03 
-3.40000000e+00  1.37181253e-03 
-3.30000000e+00  1.35967272e-03 
-3.20000000e+00  1.34753290e-03 
-3.10000000e+00  1.33539309e-03 
-3.00000000e+00  1.32325327e-03 
-2.90000000e+00  1.31111346e-03 
-2.80000000e+00  1.29897364e-03 
-2.70000000e+00  1.28683382e-03 
-2.60000000e+00  1.27469400e-03 
-2.50000000e+00  1.26255417e-03 
-2.40000000e+00  1.25041434e-03 
-2.30000000e+00  1.23827451e-03 
-2.20000000e+00  1.22613468e-03 
-2.10000000e+00  1.21399484e-03 
-2.00000000e+00  1.20185499e-03 
-1.90000000e+00  1.18971513e-03 
-1.80000000e+00  1.17757526e-03 
-1.70000000e+00  1.16543537e-03 
-1.60000000e+00  1.15329545e-03 
-1.50000000e+00  1.14115550e-03 
-1.40000000e+00  1.12901549e-03 
-1.30000000e+00  1.11687542e-03 
-1.20000000e+00  1.10473522e-03 
-1.10000000e+00  1.09259485e-03 
-1.00000000e+00  1.08045417e-03 
-9.00000000e-01  1.06831295e-03 
-8.00000000e-01  1.05617068e-03 
-7.00000000e-01  1.04402621e-03 
-6.00000000e-01  1.03187635e-03 
-5.00000000e-01  1.01971030e-03 
-4.00000000e-01  1.00747584e-03 
-3.00000000e-01  9.94660745e-04 
-2.00000000e-01  9.66369980e-04 
-1.00000000e-01  6.52008535e-04 
-1.02695630e-15 -6.60969867e-06 
 1.00000000e-01 -7.30600546e-05 
 2.00000000e-01 -7.53767694e-05 
 3.00000000e-01 -7.58834799e-05 
 4.00000000e-01 -7.63452965e-05 
 5.00000000e-01 -7.68033627e-05 
 6.00000000e-01 -7.72606744e-05 
 7.00000000e-01 -7.77177536e-05 
 8.00000000e-01 -7.81747432e-05 
 9.00000000e-01 -7.86316918e-05 
 1.00000000e+00 -7.90886195e-05 
 1.10000000e+00 -7.95455355e-05 
 1.20000000e+00 -8.00024454e-05 
 1.30000000e+00 -8.04593510e-05 
 1.40000000e+00 -8.09162532e-05 
 1.50000000e+00 -8.13731547e-05 
 1.60000000e+00 -8.18300543e-05 
 1.70000000e+00 -8.22869538e-05 
 1.80000000e+00 -8.27438516e-05 
 1.90000000e+00 -8.32007493e-05 
 2.00000000e+00 -8.36576473e-05 
 2.10000000e+00 -8.41145443e-05 
 2.20000000e+00 -8.45714417e-05 
 2.30000000e+00 -8.50283386e-05 
 2.40000000e+00 -8.54852351e-05 
 2.50000000e+00 -8.59421320e-05 
 2.60000000e+00 -8.63990290e-05 
 2.70000000e+00 -8.68559259e-05 
 2.80000000e+00 -8.73128229e-05 
 2.90000000e+00 -8.77697194e-05 
 3.00000000e+00 -8.82266158e-05 
 3.10000000e+00 -8.86835119e-05 
 3.20000000e+00 -8.91404088e-05 
 3.30000000e+00 -8.95973053e-05 
 3.40000000e+00 -9.00542022e-05 
 3.50000000e+00 -9.05110987e-05 
 3.60000000e+00 -9.09679952e-05 
 3.70000000e+00 -9.14248926e-05 
 3.80000000e+00 -9.18817886e-05 
 3.90000000e+00 -9.23386851e-05 
 4.00000000e+00 -9.27955825e-05 
 4.10000000e+00 -9.32524781e-05 
 4.20000000e+00 -9.37093755e-05 
 4.30000000e+00 -9.41662729e-05 
 4.40000000e+00 -9.46231685e-05 
 4.50000000e+00 -9.50800650e-05 
 4.60000000e+00 -9.55369624e-05 
 4.70000000e+00 -9.59938598e-05 
 4.80000000e+00 -9.64507553e-05 
 4.90000000e+00 -9.69076518e-05 
 5.00000000e+00 -9.73645483e-05 
