 1.00001666e-01 -3.14093547e-02 
 1.00024341e-01 -1.76910163e-02 
 1.00047016e-01 -2.31000493e-03 
 1.00069691e-01  1.38142938e-02 
 1.00092366e-01  3.01456248e-02 
 1.00115041e-01  4.63119984e-02 
 1.00137716e-01  6.21076102e-02 
 1.00160391e-01  7.73566305e-02 
 1.00183066e-01  9.19209814e-02 
 1.00205741e-01  1.05712088e-01 
 1.00228416e-01  1.18625264e-01 
 1.00251091e-01  1.30597675e-01 
 1.00273766e-01  1.41549271e-01 
 1.00296441e-01  1.51429183e-01 
 1.00319116e-01  1.60190519e-01 
 1.00341791e-01  1.67776876e-01 
 1.00364466e-01  1.74156123e-01 
 1.00387141e-01  1.79295495e-01 
 1.00409816e-01  1.83185202e-01 
 1.00432491e-01  1.85786897e-01 
 1.00455166e-01  1.87104705e-01 
 1.00477841e-01  1.87122905e-01 
 1.00500516e-01  1.85842398e-01 
 1.00523191e-01  1.83272624e-01 
 1.00545866e-01  1.79426542e-01 
 1.00568541e-01  1.74318165e-01 
 1.00591216e-01  1.67980797e-01 
 1.00613891e-01  1.60427611e-01 
 1.00636566e-01  1.51709913e-01 
 1.00659241e-01  1.41864387e-01 
 1.00681916e-01  1.30944464e-01 
 1.00704591e-01  1.19012453e-01 
 1.00727266e-01  1.06128643e-01 
 1.00749941e-01  9.23785421e-02 
 1.00772616e-01  7.78383255e-02 
 1.00795291e-01  6.26214355e-02 
 1.00817966e-01  4.68367393e-02 
 1.00840641e-01  3.06459517e-02 
 1.00863316e-01  1.42300217e-02 
 1.00885991e-01 -2.09849196e-03 
 1.00908666e-01 -1.78854049e-02 
 1.00931341e-01 -3.23747291e-02 
 1.00954016e-01 -4.46115887e-02 
 1.00976691e-01 -5.39726354e-02 
 1.00999366e-01 -6.11144240e-02 
 1.01022041e-01 -6.67148955e-02 
 1.01044716e-01 -7.10725617e-02 
 1.01067391e-01 -7.45671379e-02 
 1.01090066e-01 -7.74189231e-02 
 1.01112741e-01 -7.97786287e-02 
 1.01135416e-01 -8.17503499e-02 
 1.01158091e-01 -8.34102785e-02 
 1.01180766e-01 -8.48151664e-02 
 1.01203441e-01 -8.60077413e-02 
 1.01226116e-01 -8.70197791e-02 
 1.01248791e-01 -8.78765329e-02 
 1.01271466e-01 -8.85973393e-02 
 1.01294141e-01 -8.91977545e-02 
 1.01316816e-01 -8.96895929e-02 
 1.01339491e-01 -9.00825026e-02 
 1.01362166e-01 -9.03841483e-02 
 1.01384841e-01 -9.06007671e-02 
 1.01407516e-01 -9.07366395e-02 
 1.01430191e-01 -9.07949941e-02 
 1.01452866e-01 -9.07777723e-02 
 1.01475541e-01 -9.06869093e-02 
 1.01498216e-01 -9.05214927e-02 
 1.01520891e-01 -9.02820923e-02 
 1.01543566e-01 -8.99655385e-02 
 1.01566241e-01 -8.95697521e-02 
 1.01588916e-01 -8.90903540e-02 
 1.01611591e-01 -8.85219319e-02 
 1.01634266e-01 -8.78586219e-02 
 1.01656941e-01 -8.70902969e-02 
 1.01679616e-01 -8.62074124e-02 
 1.01702291e-01 -8.51947047e-02 
 1.01724966e-01 -8.40359129e-02 
 1.01747641e-01 -8.27089308e-02 
 1.01770316e-01 -8.11852510e-02 
 1.01792991e-01 -7.94279965e-02 
 1.01815666e-01 -7.73894780e-02 
 1.01838341e-01 -7.50045666e-02 
 1.01861016e-01 -7.21854298e-02 
 1.01883691e-01 -6.88059872e-02 
 1.01906366e-01 -6.46927260e-02 
 1.01929041e-01 -5.95966949e-02 
 1.01951716e-01 -5.31701086e-02 
 1.01974391e-01 -4.49214888e-02 
 1.01997066e-01 -3.41927704e-02 
 1.02019741e-01 -2.09211011e-02 
 1.02042416e-01 -5.79353487e-03 
 1.02065091e-01  1.02186729e-02 
 1.02087766e-01  2.65462660e-02 
 1.02110441e-01  4.27718365e-02 
 1.02133116e-01  5.86579544e-02 
 1.02155791e-01  7.40248616e-02 
 1.02178466e-01  8.87337232e-02 
 1.02201141e-01  1.02688267e-01 
 1.02223816e-01  1.15786208e-01 
 1.02246491e-01  1.27959935e-01 
 1.02269166e-01  1.39128634e-01 
 1.02291841e-01  1.49228648e-01 
 1.02314516e-01  1.58215914e-01 
 1.02337191e-01  1.66039033e-01 
 1.02359866e-01  1.72672504e-01 
 1.02382541e-01  1.78065042e-01 
 1.02405216e-01  1.82211716e-01 
 1.02427891e-01  1.85076036e-01 
 1.02450566e-01  1.86652177e-01 
 1.02473241e-01  1.86937380e-01 
 1.02495916e-01  1.85920238e-01 
 1.02518591e-01  1.83614082e-01 
 1.02541266e-01  1.80023048e-01 
 1.02563941e-01  1.75173292e-01 
 1.02586616e-01  1.69075143e-01 
 1.02609291e-01  1.61767462e-01 
 1.02631966e-01  1.53285700e-01 
 1.02654641e-01  1.43664109e-01 
 1.02677316e-01  1.32964061e-01 
 1.02699991e-01  1.21227885e-01 
 1.02722666e-01  1.08533849e-01 
 1.02745341e-01  9.49553306e-02 
 1.02768016e-01  8.05680792e-02 
 1.02790691e-01  6.54798710e-02 
 1.02813366e-01  4.97957989e-02 
 1.02836041e-01  3.36654981e-02 
 1.02858716e-01  1.72788041e-02 
 1.02881391e-01  9.01122644e-04 
 1.02904066e-01 -1.50447051e-02 
 1.02926741e-01 -2.98716545e-02 
 1.02949416e-01 -4.26370392e-02 
 1.02972091e-01 -5.25511530e-02 
 1.02994766e-01 -6.00935921e-02 
 1.03017441e-01 -6.59837482e-02 
 1.03040116e-01 -7.05513170e-02 
 1.03062791e-01 -7.41988542e-02 
 1.03085466e-01 -7.71678756e-02 
 1.03108141e-01 -7.96173569e-02 
 1.03130816e-01 -8.16591050e-02 
 1.03153491e-01 -8.33786181e-02 
 1.03176166e-01 -8.48305480e-02 
 1.03198841e-01 -8.60635818e-02 
 1.03221516e-01 -8.71104441e-02 
 1.03244191e-01 -8.79965443e-02 
 1.03266866e-01 -8.87430809e-02 
 1.03289541e-01 -8.93671012e-02 
 1.03312216e-01 -8.98797948e-02 
 1.03334891e-01 -9.02920877e-02 
 1.03357566e-01 -9.06113618e-02 
 1.03380241e-01 -9.08449469e-02 
 1.03402916e-01 -9.09965491e-02 
 1.03425591e-01 -9.10706570e-02 
 1.03448266e-01 -9.10681684e-02 
 1.03470941e-01 -9.09920566e-02 
 1.03493616e-01 -9.08424439e-02 
 1.03516291e-01 -9.06173404e-02 
 1.03538966e-01 -9.03167948e-02 
 1.03561641e-01 -8.99369923e-02 
 1.03584316e-01 -8.94747173e-02 
 1.03606991e-01 -8.89247301e-02 
 1.03629666e-01 -8.82810487e-02 
 1.03652341e-01 -8.75351237e-02 
 1.03675016e-01 -8.66756222e-02 
 1.03697691e-01 -8.56914510e-02 
 1.03720366e-01 -8.45636352e-02 
 1.03743041e-01 -8.32724878e-02 
 1.03765716e-01 -8.17907274e-02 
 1.03788391e-01 -8.00851489e-02 
 1.03811066e-01 -7.81073061e-02 
 1.03833741e-01 -7.57990459e-02 
 1.03856416e-01 -7.30758537e-02 
 1.03879091e-01 -6.98228521e-02 
 1.03901766e-01 -6.58757830e-02 
 1.03924441e-01 -6.10033427e-02 
 1.03947116e-01 -5.48805592e-02 
 1.03969791e-01 -4.70534760e-02 
 1.03992466e-01 -3.68599428e-02 
 1.04015141e-01 -2.40741441e-02 
 1.04037816e-01 -9.24614655e-03 
 1.04060491e-01  6.64801530e-03 
 1.04083166e-01  2.29590744e-02 
 1.04105841e-01  3.92225652e-02 
 1.04128516e-01  5.51978925e-02 
 1.04151191e-01  7.06728573e-02 
 1.04173866e-01  8.55364527e-02 
 1.04196541e-01  9.96472549e-02 
 1.04219216e-01  1.12934864e-01 
 1.04241891e-01  1.25298018e-01 
 1.04264566e-01  1.36669033e-01 
 1.04287241e-01  1.46989658e-01 
 1.04309916e-01  1.56207051e-01 
 1.04332591e-01  1.64270836e-01 
 1.04355266e-01  1.71147748e-01 
 1.04377941e-01  1.76793431e-01 
 1.04400616e-01  1.81199103e-01 
 1.04423291e-01  1.84323501e-01 
 1.04445966e-01  1.86165312e-01 
 1.04468641e-01  1.86708344e-01 
 1.04491316e-01  1.85958342e-01 
 1.04513991e-01  1.83910830e-01 
 1.04536666e-01  1.80584975e-01 
 1.04559341e-01  1.75985164e-01 
 1.04582016e-01  1.70137548e-01 
 1.04604691e-01  1.63072375e-01 
 1.04627366e-01  1.54827119e-01 
 1.04650041e-01  1.45437577e-01 
 1.04672716e-01  1.34940162e-01 
 1.04695391e-01  1.23414778e-01 
 1.04718066e-01  1.10906622e-01 
 1.04740741e-01  9.75067565e-02 
 1.04763416e-01  8.32672652e-02 
 1.04786091e-01  6.83158009e-02 
 1.04808766e-01  5.27419380e-02 
 1.04831441e-01  3.66927247e-02 
 1.04854116e-01  2.03359064e-02 
 1.04876791e-01  3.93592699e-03 
 1.04899466e-01 -1.21445871e-02 
 1.04922141e-01 -2.72649587e-02 
 1.04944816e-01 -4.05313030e-02 
 1.04967491e-01 -5.10168872e-02 
 1.04990166e-01 -5.89930576e-02 
 1.05012841e-01 -6.51913491e-02 
 1.05035516e-01 -6.99811389e-02 
 1.05058191e-01 -7.37918757e-02 
 1.05080866e-01 -7.68833205e-02 
 1.05103541e-01 -7.94279398e-02 
 1.05126216e-01 -8.15461676e-02 
 1.05148891e-01 -8.33239644e-02 
 1.05171566e-01 -8.48266915e-02 
 1.05194241e-01 -8.61009068e-02 
 1.05216916e-01 -8.71829400e-02 
 1.05239591e-01 -8.80999421e-02 
 1.05262266e-01 -8.88732507e-02 
 1.05284941e-01 -8.95209348e-02 
 1.05307616e-01 -9.00549272e-02 
 1.05330291e-01 -9.04867250e-02 
 1.05352966e-01 -9.08246913e-02 
 1.05375641e-01 -9.10749462e-02 
 1.05398316e-01 -9.12428303e-02 
 1.05420991e-01 -9.13319651e-02 
 1.05443666e-01 -9.13452613e-02 
 1.05466341e-01 -9.12836133e-02 
 1.05489016e-01 -9.11481580e-02 
 1.05511691e-01 -9.09387932e-02 
 1.05534366e-01 -9.06535422e-02 
 1.05557041e-01 -9.02901537e-02 
 1.05579716e-01 -8.98445616e-02 
 1.05602391e-01 -8.93132834e-02 
 1.05625066e-01 -8.86887462e-02 
 1.05647741e-01 -8.79644571e-02 
 1.05670416e-01 -8.71284890e-02 
 1.05693091e-01 -8.61705592e-02 
 1.05715766e-01 -8.50728569e-02 
 1.05738441e-01 -8.38175431e-02 
 1.05761116e-01 -8.23770613e-02 
 1.05783791e-01 -8.07201653e-02 
 1.05806466e-01 -7.88018898e-02 
 1.05829141e-01 -7.65663041e-02 
 1.05851816e-01 -7.39336971e-02 
 1.05874491e-01 -7.08010681e-02 
 1.05897166e-01 -6.70097494e-02 
 1.05919841e-01 -6.23484728e-02 
 1.05942516e-01 -5.65099577e-02 
 1.05965191e-01 -4.90798495e-02 
 1.05987866e-01 -3.94048475e-02 
 1.06010541e-01 -2.71304793e-02 
 1.06033216e-01 -1.26378789e-02 
 1.06055891e-01  3.11149221e-03 
 1.06078566e-01  1.93765200e-02 
 1.06101241e-01  3.56710620e-02 
 1.06123916e-01  5.17175685e-02 
 1.06146591e-01  6.73199468e-02 
 1.06169266e-01  8.23124592e-02 
 1.06191941e-01  9.65861788e-02 
 1.06214616e-01  1.10040369e-01 
 1.06237291e-01  1.22594527e-01 
 1.06259966e-01  1.34179127e-01 
 1.06282641e-01  1.44720469e-01 
 1.06305316e-01  1.54162962e-01 
 1.06327991e-01  1.62467903e-01 
 1.06350666e-01  1.69584762e-01 
 1.06373341e-01  1.75485334e-01 
 1.06396016e-01  1.80139158e-01 
 1.06418691e-01  1.83527382e-01 
 1.06441366e-01  1.85634784e-01 
 1.06464041e-01  1.86433951e-01 
 1.06486716e-01  1.85952508e-01 
 1.06509391e-01  1.84162433e-01 
 1.06532066e-01  1.81097393e-01 
 1.06554741e-01  1.76754996e-01 
 1.06577416e-01  1.71159493e-01 
 1.06600091e-01  1.64344275e-01 
 1.06622766e-01  1.56326134e-01 
 1.06645441e-01  1.47165511e-01 
 1.06668116e-01  1.36891949e-01 
 1.06690791e-01  1.25570618e-01 
 1.06713466e-01  1.13263606e-01 
 1.06736141e-01  1.00032464e-01 
 1.06758816e-01  8.59546953e-02 
 1.06781491e-01  7.11475833e-02 
 1.06804166e-01  5.56746186e-02 
 1.06826841e-01  3.97184513e-02 
 1.06849516e-01  2.34045369e-02 
 1.06872191e-01  6.98955782e-03 
 1.06894866e-01 -9.19739978e-03 
 1.06917541e-01 -2.45776907e-02 
 1.06940216e-01 -3.82992100e-02 
 1.06962891e-01 -4.93727233e-02 
 1.06985566e-01 -5.78051261e-02 
 1.07008241e-01 -6.43337127e-02 
 1.07030916e-01 -6.93628760e-02 
 1.07053591e-01 -7.33449032e-02 
 1.07076266e-01 -7.65671000e-02 
 1.07098941e-01 -7.92104275e-02 
 1.07121616e-01 -8.14076662e-02 
 1.07144291e-01 -8.32483277e-02 
 1.07166966e-01 -8.48031563e-02 
 1.07189641e-01 -8.61196362e-02 
 1.07212316e-01 -8.72383206e-02 
 1.07234991e-01 -8.81867410e-02 
 1.07257666e-01 -8.89881083e-02 
 1.07280341e-01 -8.96590914e-02 
 1.07303016e-01 -9.02160633e-02 
 1.07325691e-01 -9.06665759e-02 
 1.07348366e-01 -9.10233855e-02 
 1.07371041e-01 -9.12903391e-02 
 1.07393716e-01 -9.14749237e-02 
 1.07416391e-01 -9.15794321e-02 
 1.07439066e-01 -9.16079067e-02 
 1.07461741e-01 -9.15616158e-02 
 1.07484416e-01 -9.14416404e-02 
 1.07507091e-01 -9.12464764e-02 
 1.07529766e-01 -9.09768811e-02 
 1.07552441e-01 -9.06293135e-02 
 1.07575116e-01 -9.02007140e-02 
 1.07597791e-01 -8.96868368e-02 
 1.07620466e-01 -8.90823983e-02 
 1.07643141e-01 -8.83782909e-02 
 1.07665816e-01 -8.75662015e-02 
 1.07688491e-01 -8.66339925e-02 
 1.07711166e-01 -8.55664085e-02 
 1.07733841e-01 -8.43442617e-02 
 1.07756516e-01 -8.29435893e-02 
 1.07779191e-01 -8.13323907e-02 
 1.07801866e-01 -7.94723179e-02 
 1.07824541e-01 -7.73058604e-02 
 1.07847216e-01 -7.47625498e-02 
 1.07869891e-01 -7.17403773e-02 
 1.07892566e-01 -6.80981718e-02 
 1.07915241e-01 -6.36353782e-02 
 1.07937916e-01 -5.80656965e-02 
 1.07960591e-01 -5.09998155e-02 
 1.07983266e-01 -4.18213480e-02 
 1.08005941e-01 -3.00823534e-02 
 1.08028616e-01 -1.59767517e-02 
 1.08051291e-01 -3.97920309e-04 
 1.08073966e-01  1.58016444e-02 
 1.08096641e-01  3.21244210e-02 
 1.08119316e-01  4.82384793e-02 
 1.08141991e-01  6.39403155e-02 
 1.08164666e-01  7.90721752e-02 
 1.08187341e-01  9.34954639e-02 
 1.08210016e-01  1.07122620e-01 
 1.08232691e-01  1.19866642e-01 
 1.08255366e-01  1.31661058e-01 
 1.08278041e-01  1.42405896e-01 
 1.08300716e-01  1.52088860e-01 
 1.08323391e-01  1.60619487e-01 
 1.08346066e-01  1.67984177e-01 
 1.08368741e-01  1.74136651e-01 
 1.08391416e-01  1.79041131e-01 
 1.08414091e-01  1.82690080e-01 
 1.08436766e-01  1.85046667e-01 
 1.08459441e-01  1.86126446e-01 
 1.08482116e-01  1.85897894e-01 
 1.08504791e-01  1.84373386e-01 
 1.08527466e-01  1.81571071e-01 
 1.08550141e-01  1.77479738e-01 
 1.08572816e-01  1.72146873e-01 
 1.08595491e-01  1.65565749e-01 
 1.08618166e-01  1.57792070e-01 
 1.08640841e-01  1.48856063e-01 
 1.08663516e-01  1.38809054e-01 
 1.08686191e-01  1.27693989e-01 
 1.08708866e-01  1.15579163e-01 
 1.08731541e-01  1.02531479e-01 
 1.08754216e-01  8.86225833e-02 
 1.08776891e-01  7.39469716e-02 
 1.08799566e-01  5.86081962e-02 
 1.08822241e-01  4.27360231e-02 
 1.08844916e-01  2.64833841e-02 
 1.08867591e-01  1.00622019e-02 
 1.08890266e-01 -6.20820874e-03 
 1.08912941e-01 -2.18088995e-02 
 1.08935616e-01 -3.59506898e-02 
 1.08958291e-01 -4.76103427e-02 
 1.08980966e-01 -5.65374173e-02 
 1.09000000e-01 -6.23984277e-02 
