 1.00021447e-01 -1.36830834e-01 
 1.00044122e-01 -1.27325287e-01 
 1.00066797e-01 -1.13663075e-01 
 1.00089472e-01 -9.59147049e-02 
 1.00112147e-01 -7.45151651e-02 
 1.00134822e-01 -5.03954490e-02 
 1.00157497e-01 -2.40332315e-02 
 1.00180172e-01  3.76590055e-03 
 1.00202847e-01  3.24686873e-02 
 1.00225522e-01  6.16669513e-02 
 1.00248197e-01  9.09725897e-02 
 1.00270872e-01  1.20036975e-01 
 1.00293547e-01  1.48671341e-01 
 1.00316222e-01  1.76672113e-01 
 1.00338897e-01  2.03882458e-01 
 1.00361572e-01  2.30198425e-01 
 1.00384247e-01  2.55543501e-01 
 1.00406922e-01  2.79884463e-01 
 1.00429597e-01  3.03147993e-01 
 1.00452272e-01  3.24965275e-01 
 1.00474947e-01  3.35161595e-01 
 1.00497622e-01  3.36716264e-01 
 1.00520297e-01  3.37585424e-01 
 1.00542972e-01  3.37947351e-01 
 1.00565647e-01  3.38147237e-01 
 1.00588322e-01  3.38311096e-01 
 1.00610997e-01  3.38415793e-01 
 1.00633672e-01  3.38470809e-01 
 1.00656347e-01  3.38489711e-01 
 1.00679022e-01  3.38480037e-01 
 1.00701697e-01  3.38447956e-01 
 1.00724372e-01  3.38396919e-01 
 1.00747047e-01  3.38329863e-01 
 1.00769722e-01  3.38249271e-01 
 1.00792397e-01  3.38157089e-01 
 1.00815072e-01  3.38054267e-01 
 1.00837747e-01  3.37942510e-01 
 1.00860422e-01  3.37822340e-01 
 1.00883097e-01  3.37694490e-01 
 1.00905772e-01  3.37559720e-01 
 1.00928447e-01  3.37418659e-01 
 1.00951122e-01  3.37271613e-01 
 1.00973797e-01  3.37118775e-01 
 1.00996472e-01  3.36960552e-01 
 1.01019147e-01  3.36797161e-01 
 1.01041822e-01  3.36628762e-01 
 1.01064497e-01  3.36455694e-01 
 1.01087172e-01  3.36277597e-01 
 1.01109847e-01  3.36094702e-01 
 1.01132522e-01  3.35907005e-01 
 1.01155197e-01  3.35714466e-01 
 1.01177872e-01  3.35517085e-01 
 1.01200547e-01  3.35314392e-01 
 1.01223222e-01  3.35106629e-01 
 1.01245897e-01  3.34893229e-01 
 1.01268572e-01  3.34673854e-01 
 1.01291247e-01  3.34448216e-01 
 1.01313922e-01  3.34215989e-01 
 1.01336597e-01  3.33976321e-01 
 1.01359272e-01  3.33728619e-01 
 1.01381947e-01  3.33471995e-01 
 1.01404622e-01  3.33205219e-01 
 1.01427297e-01  3.32927200e-01 
 1.01449972e-01  3.32635950e-01 
 1.01472647e-01  3.32329182e-01 
 1.01495322e-01  3.32004382e-01 
 1.01517997e-01  3.31656903e-01 
 1.01540672e-01  3.31282353e-01 
 1.01563347e-01  3.30872327e-01 
 1.01586022e-01  3.30415766e-01 
 1.01608697e-01  3.29895032e-01 
 1.01631372e-01  3.29277970e-01 
 1.01654047e-01  3.28504506e-01 
 1.01676722e-01  3.27434594e-01 
 1.01699397e-01  3.25623223e-01 
 1.01722072e-01  3.15487336e-01 
 1.01744747e-01  2.91948197e-01 
 1.01767422e-01  2.66636809e-01 
 1.01790097e-01  2.40406328e-01 
 1.01812772e-01  2.13199571e-01 
 1.01835447e-01  1.85026669e-01 
 1.01858122e-01  1.56018476e-01 
 1.01880797e-01  1.26360247e-01 
 1.01903472e-01  9.61281437e-02 
 1.01926147e-01  6.56237901e-02 
 1.01948822e-01  3.51248234e-02 
 1.01971497e-01  5.01038788e-03 
 1.01994172e-01 -2.43521129e-02 
 1.02016847e-01 -5.23570918e-02 
 1.02039522e-01 -7.83677903e-02 
 1.02062197e-01 -1.01668793e-01 
 1.02084872e-01 -1.21379710e-01 
 1.02107547e-01 -1.36908399e-01 
 1.02130222e-01 -1.47789248e-01 
 1.02152897e-01 -1.54261862e-01 
 1.02175572e-01 -1.57447125e-01 
 1.02198247e-01 -1.58800820e-01 
 1.02220922e-01 -1.59352127e-01 
 1.02243597e-01 -1.59584249e-01 
 1.02266272e-01 -1.59678364e-01 
 1.02288947e-01 -1.59706422e-01 
 1.02311622e-01 -1.59702130e-01 
 1.02334297e-01 -1.59678900e-01 
 1.02356972e-01 -1.59643445e-01 
 1.02379647e-01 -1.59599859e-01 
 1.02402322e-01 -1.59550508e-01 
 1.02424997e-01 -1.59496996e-01 
 1.02447672e-01 -1.59440320e-01 
 1.02470347e-01 -1.59381271e-01 
 1.02493022e-01 -1.59320322e-01 
 1.02515697e-01 -1.59257889e-01 
 1.02538372e-01 -1.59194211e-01 
 1.02561047e-01 -1.59129553e-01 
 1.02583722e-01 -1.59064056e-01 
 1.02606397e-01 -1.58997862e-01 
 1.02629072e-01 -1.58931085e-01 
 1.02651747e-01 -1.58863805e-01 
 1.02674422e-01 -1.58796083e-01 
 1.02697097e-01 -1.58727987e-01 
 1.02719772e-01 -1.58659571e-01 
 1.02742447e-01 -1.58590868e-01 
 1.02765122e-01 -1.58521913e-01 
 1.02787797e-01 -1.58452738e-01 
 1.02810472e-01 -1.58383365e-01 
 1.02833147e-01 -1.58313817e-01 
 1.02855822e-01 -1.58244109e-01 
 1.02878497e-01 -1.58174263e-01 
 1.02901172e-01 -1.58104299e-01 
 1.02923847e-01 -1.58034212e-01 
 1.02946522e-01 -1.57964016e-01 
 1.02969197e-01 -1.57893746e-01 
 1.02991872e-01 -1.57823370e-01 
 1.03014547e-01 -1.57752935e-01 
 1.03037222e-01 -1.57682413e-01 
 1.03059897e-01 -1.57611837e-01 
 1.03082572e-01 -1.57541202e-01 
 1.03105247e-01 -1.57470503e-01 
 1.03127922e-01 -1.57399763e-01 
 1.03150597e-01 -1.57328971e-01 
 1.03173272e-01 -1.57258140e-01 
 1.03195947e-01 -1.57187263e-01 
 1.03218622e-01 -1.57116349e-01 
 1.03241297e-01 -1.57045392e-01 
 1.03263972e-01 -1.56974407e-01 
 1.03286647e-01 -1.56903390e-01 
 1.03309322e-01 -1.56832340e-01 
 1.03331997e-01 -1.56761261e-01 
 1.03354672e-01 -1.56690151e-01 
 1.03377347e-01 -1.56619021e-01 
 1.03400022e-01 -1.56547854e-01 
 1.03422697e-01 -1.56476662e-01 
 1.03445372e-01 -1.56405438e-01 
 1.03468047e-01 -1.56334189e-01 
 1.03490722e-01 -1.56262910e-01 
 1.03513397e-01 -1.56191611e-01 
 1.03536072e-01 -1.56120277e-01 
 1.03558747e-01 -1.56048913e-01 
 1.03581422e-01 -1.55977527e-01 
 1.03604097e-01 -1.55906098e-01 
 1.03626772e-01 -1.55834637e-01 
 1.03649447e-01 -1.55763152e-01 
 1.03672122e-01 -1.55691620e-01 
 1.03694797e-01 -1.55620062e-01 
 1.03717472e-01 -1.55548450e-01 
 1.03740147e-01 -1.55476806e-01 
 1.03762822e-01 -1.55405106e-01 
 1.03785497e-01 -1.55333369e-01 
 1.03808172e-01 -1.55261576e-01 
 1.03830847e-01 -1.55189723e-01 
 1.03853522e-01 -1.55117814e-01 
 1.03876197e-01 -1.55045846e-01 
 1.03898872e-01 -1.54973806e-01 
 1.03921547e-01 -1.54901686e-01 
 1.03944222e-01 -1.54829488e-01 
 1.03966897e-01 -1.54757210e-01 
 1.03989572e-01 -1.54684830e-01 
 1.04012247e-01 -1.54612359e-01 
 1.04034922e-01 -1.54539778e-01 
 1.04057597e-01 -1.54467072e-01 
 1.04080272e-01 -1.54394230e-01 
 1.04102947e-01 -1.54321259e-01 
 1.04125622e-01 -1.54248121e-01 
 1.04148297e-01 -1.54174826e-01 
 1.04170972e-01 -1.54101332e-01 
 1.04193647e-01 -1.54027638e-01 
 1.04216322e-01 -1.53953722e-01 
 1.04238997e-01 -1.53879553e-01 
 1.04261672e-01 -1.53805114e-01 
 1.04284347e-01 -1.53730362e-01 
 1.04307022e-01 -1.53655285e-01 
 1.04329697e-01 -1.53579809e-01 
 1.04352372e-01 -1.53503933e-01 
 1.04375047e-01 -1.53427566e-01 
 1.04397722e-01 -1.53350676e-01 
 1.04420397e-01 -1.53273165e-01 
 1.04443072e-01 -1.53194978e-01 
 1.04465747e-01 -1.53115991e-01 
 1.04488422e-01 -1.53036100e-01 
 1.04511097e-01 -1.52955155e-01 
 1.04533772e-01 -1.52873003e-01 
 1.04556447e-01 -1.52789405e-01 
 1.04579122e-01 -1.52704126e-01 
 1.04601797e-01 -1.52616821e-01 
 1.04624472e-01 -1.52527057e-01 
 1.04647147e-01 -1.52434326e-01 
 1.04669822e-01 -1.52337945e-01 
 1.04692497e-01 -1.52236913e-01 
 1.04715172e-01 -1.52130002e-01 
 1.04737847e-01 -1.52015385e-01 
 1.04760522e-01 -1.51890574e-01 
 1.04783197e-01 -1.51751669e-01 
 1.04805872e-01 -1.51593003e-01 
 1.04828547e-01 -1.51404842e-01 
 1.04851222e-01 -1.51172044e-01 
 1.04873897e-01 -1.50877578e-01 
 1.04896572e-01 -1.50489565e-01 
 1.04919247e-01 -1.49948043e-01 
 1.04941922e-01 -1.49127921e-01 
 1.04964597e-01 -1.47772925e-01 
 1.04987272e-01 -1.45356121e-01 
 1.05009947e-01 -1.40944505e-01 
 1.05032622e-01 -1.33406916e-01 
 1.05055297e-01 -1.21874901e-01 
 1.05077972e-01 -1.06110030e-01 
 1.05100647e-01 -8.64988550e-02 
 1.05123322e-01 -6.37379304e-02 
 1.05145997e-01 -3.83573854e-02 
 1.05168672e-01 -1.12357663e-02 
 1.05191347e-01  1.70513725e-02 
 1.05214022e-01  4.60585373e-02 
 1.05236697e-01  7.53655872e-02 
 1.05259372e-01  1.04560545e-01 
 1.05282047e-01  1.33470784e-01 
 1.05304722e-01  1.61813925e-01 
 1.05327397e-01  1.89410365e-01 
 1.05350072e-01  2.16187988e-01 
 1.05372747e-01  2.42075243e-01 
 1.05395422e-01  2.66922769e-01 
 1.05418097e-01  2.90738653e-01 
 1.05440772e-01  3.13419734e-01 
 1.05463447e-01  3.31813718e-01 
 1.05486122e-01  3.35334153e-01 
 1.05508797e-01  3.36594220e-01 
 1.05531472e-01  3.37107546e-01 
 1.05554147e-01  3.37293235e-01 
 1.05576822e-01  3.37478819e-01 
 1.05599497e-01  3.37614996e-01 
 1.05622172e-01  3.37693424e-01 
 1.05644847e-01  3.37729964e-01 
 1.05667522e-01  3.37734489e-01 
 1.05690197e-01  3.37713280e-01 
 1.05712872e-01  3.37671782e-01 
 1.05735547e-01  3.37612732e-01 
 1.05758222e-01  3.37539370e-01 
 1.05780897e-01  3.37453105e-01 
 1.05803572e-01  3.37355941e-01 
 1.05826247e-01  3.37248892e-01 
 1.05848922e-01  3.37133105e-01 
 1.05871597e-01  3.37009427e-01 
 1.05894272e-01  3.36878525e-01 
 1.05916947e-01  3.36740968e-01 
 1.05939622e-01  3.36597205e-01 
 1.05962297e-01  3.36447622e-01 
 1.05984972e-01  3.36292293e-01 
 1.06007647e-01  3.36132016e-01 
 1.06030322e-01  3.35966455e-01 
 1.06052997e-01  3.35796155e-01 
 1.06075672e-01  3.35620902e-01 
 1.06098347e-01  3.35440851e-01 
 1.06121022e-01  3.35255897e-01 
 1.06143697e-01  3.35066120e-01 
 1.06166372e-01  3.34871562e-01 
 1.06189047e-01  3.34671887e-01 
 1.06211722e-01  3.34467024e-01 
 1.06234397e-01  3.34256870e-01 
 1.06257072e-01  3.34040928e-01 
 1.06279747e-01  3.33818941e-01 
 1.06302422e-01  3.33590611e-01 
 1.06325097e-01  3.33354779e-01 
 1.06347772e-01  3.33111647e-01 
 1.06370447e-01  3.32860110e-01 
 1.06393122e-01  3.32598999e-01 
 1.06415797e-01  3.32327088e-01 
 1.06438472e-01  3.32043138e-01 
 1.06461147e-01  3.31744920e-01 
 1.06483822e-01  3.31429862e-01 
 1.06506497e-01  3.31094794e-01 
 1.06529172e-01  3.30735226e-01 
 1.06551847e-01  3.30344848e-01 
 1.06574522e-01  3.29913890e-01 
 1.06597197e-01  3.29428941e-01 
 1.06619872e-01  3.28866113e-01 
 1.06642547e-01  3.28182734e-01 
 1.06665222e-01  3.27291198e-01 
 1.06687897e-01  3.25954891e-01 
 1.06710572e-01  3.22527325e-01 
 1.06733247e-01  3.03369156e-01 
 1.06755922e-01  2.78835082e-01 
 1.06778597e-01  2.53103774e-01 
 1.06801272e-01  2.26390502e-01 
 1.06823947e-01  1.98669964e-01 
 1.06846622e-01  1.70108452e-01 
 1.06869297e-01  1.40732293e-01 
 1.06891972e-01  1.10757210e-01 
 1.06914647e-01  8.04008566e-02 
 1.06937322e-01  4.98346336e-02 
 1.06959997e-01  1.94523594e-02 
 1.06982672e-01 -1.03207489e-02 
 1.07005347e-01 -3.90649843e-02 
 1.07028022e-01 -6.62123996e-02 
 1.07050697e-01 -9.09864385e-02 
 1.07073372e-01 -1.12577237e-01 
 1.07096047e-01 -1.30354590e-01 
 1.07118722e-01 -1.43590866e-01 
 1.07141397e-01 -1.52208862e-01 
 1.07164072e-01 -1.56890510e-01 
 1.07186747e-01 -1.58999711e-01 
 1.07209422e-01 -1.59862916e-01 
 1.07232097e-01 -1.60223202e-01 
 1.07254772e-01 -1.60374596e-01 
 1.07277447e-01 -1.60427520e-01 
 1.07300122e-01 -1.60436705e-01 
 1.07322797e-01 -1.60421747e-01 
 1.07345472e-01 -1.60391466e-01 
 1.07368147e-01 -1.60351343e-01 
 1.07390822e-01 -1.60304319e-01 
 1.07413497e-01 -1.60252449e-01 
 1.07436172e-01 -1.60196910e-01 
 1.07458847e-01 -1.60138689e-01 
 1.07481522e-01 -1.60078288e-01 
 1.07504197e-01 -1.60016254e-01 
 1.07526872e-01 -1.59952846e-01 
 1.07549547e-01 -1.59888349e-01 
 1.07572222e-01 -1.59822908e-01 
 1.07594897e-01 -1.59756735e-01 
 1.07617572e-01 -1.59689917e-01 
 1.07640247e-01 -1.59622544e-01 
 1.07662922e-01 -1.59554713e-01 
 1.07685597e-01 -1.59486474e-01 
 1.07708272e-01 -1.59417890e-01 
 1.07730947e-01 -1.59348995e-01 
 1.07753622e-01 -1.59279836e-01 
 1.07776297e-01 -1.59210445e-01 
 1.07798972e-01 -1.59140844e-01 
 1.07821647e-01 -1.59071054e-01 
 1.07844322e-01 -1.59001097e-01 
 1.07866997e-01 -1.58930995e-01 
 1.07889672e-01 -1.58860758e-01 
 1.07912347e-01 -1.58790400e-01 
 1.07935022e-01 -1.58719941e-01 
 1.07957697e-01 -1.58649375e-01 
 1.07980372e-01 -1.58578732e-01 
 1.08003047e-01 -1.58507997e-01 
 1.08025722e-01 -1.58437195e-01 
 1.08048397e-01 -1.58366319e-01 
 1.08071072e-01 -1.58295388e-01 
 1.08093747e-01 -1.58224399e-01 
 1.08116422e-01 -1.58153350e-01 
 1.08139097e-01 -1.58082260e-01 
 1.08161772e-01 -1.58011123e-01 
 1.08184447e-01 -1.57939943e-01 
 1.08207122e-01 -1.57868726e-01 
 1.08229797e-01 -1.57797461e-01 
 1.08252472e-01 -1.57726169e-01 
 1.08275147e-01 -1.57654842e-01 
 1.08297822e-01 -1.57583486e-01 
 1.08320497e-01 -1.57512098e-01 
 1.08343172e-01 -1.57440681e-01 
 1.08365847e-01 -1.57369231e-01 
 1.08388522e-01 -1.57297765e-01 
 1.08411197e-01 -1.57226259e-01 
 1.08433872e-01 -1.57154729e-01 
 1.08456547e-01 -1.57083173e-01 
 1.08479222e-01 -1.57011583e-01 
 1.08501897e-01 -1.56939973e-01 
 1.08524572e-01 -1.56868337e-01 
 1.08547247e-01 -1.56796665e-01 
 1.08569922e-01 -1.56724964e-01 
 1.08592597e-01 -1.56653237e-01 
 1.08615272e-01 -1.56581471e-01 
 1.08637947e-01 -1.56509673e-01 
 1.08660622e-01 -1.56437847e-01 
 1.08683297e-01 -1.56365978e-01 
 1.08705972e-01 -1.56294075e-01 
 1.08728647e-01 -1.56222124e-01 
 1.08751322e-01 -1.56150135e-01 
 1.08773997e-01 -1.56078103e-01 
 1.08796672e-01 -1.56006006e-01 
 1.08819347e-01 -1.55933870e-01 
 1.08842022e-01 -1.55861673e-01 
 1.08864697e-01 -1.55789407e-01 
 1.08887372e-01 -1.55717082e-01 
 1.08910047e-01 -1.55644687e-01 
 1.08932722e-01 -1.55572215e-01 
 1.08955397e-01 -1.55499661e-01 
 1.08978072e-01 -1.55427012e-01 
 1.09000000e-01 -1.55356671e-01 
