 1.00020414e-01  8.05984546e-04 
 1.00043089e-01  9.71233883e-03 
 1.00065764e-01  1.89883934e-02 
 1.00088439e-01  2.81958181e-02 
 1.00111114e-01  3.68067773e-02 
 1.00133789e-01  4.43537668e-02 
 1.00156464e-01  5.02986381e-02 
 1.00179139e-01  5.42217275e-02 
 1.00201814e-01  5.58983671e-02 
 1.00224489e-01  5.51474927e-02 
 1.00247164e-01  5.20217089e-02 
 1.00269839e-01  4.67212198e-02 
 1.00292514e-01  3.95969063e-02 
 1.00315189e-01  3.11580038e-02 
 1.00337864e-01  2.19243344e-02 
 1.00360539e-01  1.24416407e-02 
 1.00383214e-01  3.16918667e-03 
 1.00405889e-01 -5.42616020e-03 
 1.00428564e-01 -1.30975196e-02 
 1.00451239e-01 -1.97045616e-02 
 1.00473914e-01 -2.52447589e-02 
 1.00496589e-01 -2.97518007e-02 
 1.00519264e-01 -3.33143851e-02 
 1.00541939e-01 -3.60270378e-02 
 1.00564614e-01 -3.79558117e-02 
 1.00587289e-01 -3.91937311e-02 
 1.00609964e-01 -3.97763068e-02 
 1.00632639e-01 -3.97296401e-02 
 1.00655314e-01 -3.90485100e-02 
 1.00677989e-01 -3.77281896e-02 
 1.00700664e-01 -3.57161950e-02 
 1.00723339e-01 -3.29550608e-02 
 1.00746014e-01 -2.93628110e-02 
 1.00768689e-01 -2.48620094e-02 
 1.00791364e-01 -1.93869362e-02 
 1.00814039e-01 -1.29117529e-02 
 1.00836714e-01 -5.41903188e-03 
 1.00859389e-01  2.97570864e-03 
 1.00882064e-01  1.19947611e-02 
 1.00904739e-01  2.13075541e-02 
 1.00927414e-01  3.04115438e-02 
 1.00950089e-01  3.88092925e-02 
 1.00972764e-01  4.59891461e-02 
 1.00995439e-01  5.14886339e-02 
 1.01018114e-01  5.48708552e-02 
 1.01040789e-01  5.59400980e-02 
 1.01063464e-01  5.45829125e-02 
 1.01086139e-01  5.08944590e-02 
 1.01108814e-01  4.51026868e-02 
 1.01131489e-01  3.76141850e-02 
 1.01154164e-01  2.89228007e-02 
 1.01176839e-01  1.95702680e-02 
 1.01199514e-01  1.00950932e-02 
 1.01222189e-01  9.52790006e-04 
 1.01244864e-01 -7.43123588e-03 
 1.01267539e-01 -1.48452822e-02 
 1.01290214e-01 -2.11856667e-02 
 1.01312889e-01 -2.64571100e-02 
 1.01335564e-01 -3.07305267e-02 
 1.01358239e-01 -3.40707958e-02 
 1.01380914e-01 -3.65819337e-02 
 1.01403589e-01 -3.83340333e-02 
 1.01426264e-01 -3.94037036e-02 
 1.01448939e-01 -3.98230469e-02 
 1.01471614e-01 -3.96182324e-02 
 1.01494289e-01 -3.87822141e-02 
 1.01516964e-01 -3.72951537e-02 
 1.01539639e-01 -3.51035699e-02 
 1.01562314e-01 -3.21384620e-02 
 1.01584989e-01 -2.83391973e-02 
 1.01607664e-01 -2.35986029e-02 
 1.01630339e-01 -1.78752398e-02 
 1.01653014e-01 -1.11359759e-02 
 1.01675689e-01 -3.41361740e-03 
 1.01698364e-01  5.15900010e-03 
 1.01721039e-01  1.43012903e-02 
 1.01743714e-01  2.36051400e-02 
 1.01766389e-01  3.25800437e-02 
 1.01789064e-01  4.07222857e-02 
 1.01811739e-01  4.75291780e-02 
 1.01834414e-01  5.25278493e-02 
 1.01857089e-01  5.53398630e-02 
 1.01879764e-01  5.58168121e-02 
 1.01902439e-01  5.38732470e-02 
 1.01925114e-01  4.96236496e-02 
 1.01947789e-01  4.33655886e-02 
 1.01970464e-01  3.55341905e-02 
 1.01993139e-01  2.66280135e-02 
 1.02015814e-01  1.71987125e-02 
 1.02038489e-01  7.76243845e-03 
 1.02061164e-01 -1.20709155e-03 
 1.02083839e-01 -9.37928763e-03 
 1.02106514e-01 -1.65208596e-02 
 1.02129189e-01 -2.25878504e-02 
 1.02151864e-01 -2.76134316e-02 
 1.02174539e-01 -3.16414079e-02 
 1.02197214e-01 -3.47682496e-02 
 1.02219889e-01 -3.70862221e-02 
 1.02242564e-01 -3.86607666e-02 
 1.02265239e-01 -3.95692407e-02 
 1.02287914e-01 -3.98300390e-02 
 1.02310589e-01 -3.94732243e-02 
 1.02333264e-01 -3.84781599e-02 
 1.02355939e-01 -3.68196468e-02 
 1.02378614e-01 -3.44408761e-02 
 1.02401289e-01 -3.12884905e-02 
 1.02423964e-01 -2.72465383e-02 
 1.02446639e-01 -2.22726264e-02 
 1.02469314e-01 -1.62941833e-02 
 1.02491989e-01 -9.31003241e-03 
 1.02514664e-01 -1.34410066e-03 
 1.02537339e-01  7.39206340e-03 
 1.02560014e-01  1.66129813e-02 
 1.02582689e-01  2.58880692e-02 
 1.02605364e-01  3.46916393e-02 
 1.02628039e-01  4.25586095e-02 
 1.02650714e-01  4.89610101e-02 
 1.02673389e-01  5.34370750e-02 
 1.02696064e-01  5.57009748e-02 
 1.02718739e-01  5.55437614e-02 
 1.02741414e-01  5.30296991e-02 
 1.02764089e-01  4.82305139e-02 
 1.02786764e-01  4.15573772e-02 
 1.02809439e-01  3.34080094e-02 
 1.02832114e-01  2.43085710e-02 
 1.02854789e-01  1.48293196e-02 
 1.02877464e-01  5.47725816e-03 
 1.02900139e-01 -3.33525686e-03 
 1.02922814e-01 -1.12615949e-02 
 1.02945489e-01 -1.81384469e-02 
 1.02968164e-01 -2.39403006e-02 
 1.02990839e-01 -2.87073566e-02 
 1.03013514e-01 -3.25086472e-02 
 1.03036189e-01 -3.54160323e-02 
 1.03058864e-01 -3.75463325e-02 
 1.03081539e-01 -3.89503143e-02 
 1.03104214e-01 -3.96998580e-02 
 1.03126889e-01 -3.98016642e-02 
 1.03149564e-01 -3.92919886e-02 
 1.03172239e-01 -3.81290218e-02 
 1.03194914e-01 -3.62972468e-02 
 1.03217589e-01 -3.37380658e-02 
 1.03240264e-01 -3.03618061e-02 
 1.03262939e-01 -2.61057891e-02 
 1.03285614e-01 -2.08810943e-02 
 1.03308289e-01 -1.46540232e-02 
 1.03330964e-01 -7.41786217e-03 
 1.03353639e-01  7.63688270e-04 
 1.03376314e-01  9.65580480e-03 
 1.03398989e-01  1.89271990e-02 
 1.03421664e-01  2.81543418e-02 
 1.03444339e-01  3.67566542e-02 
 1.03467014e-01  4.43195140e-02 
 1.03489689e-01  5.02654011e-02 
 1.03512364e-01  5.42049429e-02 
 1.03535039e-01  5.59024808e-02 
 1.03557714e-01  5.51482402e-02 
 1.03580389e-01  5.20323930e-02 
 1.03603064e-01  4.67351772e-02 
 1.03625739e-01  3.96216387e-02 
 1.03648414e-01  3.12067999e-02 
 1.03671089e-01  2.19645520e-02 
 1.03693764e-01  1.24848678e-02 
 1.03716439e-01  3.21684540e-03 
 1.03739114e-01 -5.39473602e-03 
 1.03761789e-01 -1.30720100e-02 
 1.03784464e-01 -1.96844111e-02 
 1.03807139e-01 -2.52228957e-02 
 1.03829814e-01 -2.97419513e-02 
 1.03852489e-01 -3.33121005e-02 
 1.03875164e-01 -3.60213552e-02 
 1.03897839e-01 -3.79599156e-02 
 1.03920514e-01 -3.91976413e-02 
 1.03943189e-01 -3.97885572e-02 
 1.03965864e-01 -3.97340338e-02 
 1.03988539e-01 -3.90616144e-02 
 1.04011214e-01 -3.77467039e-02 
 1.04033889e-01 -3.57299849e-02 
 1.04056564e-01 -3.29782444e-02 
 1.04079239e-01 -2.93839993e-02 
 1.04101914e-01 -2.49011259e-02 
 1.04124589e-01 -1.94288554e-02 
 1.04147264e-01 -1.29577170e-02 
 1.04169939e-01 -5.46366658e-03 
 1.04192614e-01  2.90782425e-03 
 1.04215289e-01  1.19394402e-02 
 1.04237964e-01  2.12408407e-02 
 1.04260639e-01  3.03630549e-02 
 1.04283314e-01  3.87635693e-02 
 1.04305989e-01  4.59589354e-02 
 1.04328664e-01  5.14371532e-02 
 1.04351339e-01  5.48453021e-02 
 1.04374014e-01  5.59329731e-02 
 1.04396689e-01  5.45792923e-02 
 1.04419364e-01  5.09080937e-02 
 1.04442039e-01  4.51276297e-02 
 1.04464714e-01  3.76341381e-02 
 1.04487389e-01  2.89579226e-02 
 1.04510064e-01  1.96042907e-02 
 1.04532739e-01  1.01312845e-02 
 1.04555414e-01  9.91649438e-04 
 1.04578089e-01 -7.40864757e-03 
 1.04600764e-01 -1.48226298e-02 
 1.04623439e-01 -2.11600546e-02 
 1.04646114e-01 -2.64457097e-02 
 1.04668789e-01 -3.07161045e-02 
 1.04691464e-01 -3.40665617e-02 
 1.04714139e-01 -3.65765662e-02 
 1.04736814e-01 -3.83359211e-02 
 1.04759489e-01 -3.94111739e-02 
 1.04782164e-01 -3.98297096e-02 
 1.04804839e-01 -3.96324532e-02 
 1.04827514e-01 -3.88012342e-02 
 1.04850189e-01 -3.73094664e-02 
 1.04872864e-01 -3.51224452e-02 
 1.04895539e-01 -3.21649705e-02 
 1.04918214e-01 -2.83603066e-02 
 1.04940889e-01 -2.36390924e-02 
 1.04963564e-01 -1.79152524e-02 
 1.04986239e-01 -1.11858853e-02 
 1.05008914e-01 -3.45539908e-03 
 1.05031589e-01  5.10109325e-03 
 1.05054264e-01  1.42467667e-02 
 1.05076939e-01  2.35447904e-02 
 1.05099614e-01  3.25289929e-02 
 1.05122289e-01  4.06807645e-02 
 1.05144964e-01  4.74980822e-02 
 1.05167639e-01  5.25016949e-02 
 1.05190314e-01  5.53433811e-02 
 1.05212989e-01  5.58215138e-02 
 1.05235664e-01  5.38809390e-02 
 1.05258339e-01  4.96389474e-02 
 1.05281014e-01  4.33998434e-02 
 1.05303689e-01  3.55665701e-02 
 1.05326364e-01  2.66756142e-02 
 1.05349039e-01  1.72386758e-02 
 1.05371714e-01  7.79546935e-03 
 1.05394389e-01 -1.18111727e-03 
 1.05417064e-01 -9.34867362e-03 
 1.05439739e-01 -1.65033621e-02 
 1.05462414e-01 -2.25779778e-02 
 1.05485089e-01 -2.76051431e-02 
 1.05507764e-01 -3.16342391e-02 
 1.05530439e-01 -3.47637426e-02 
 1.05553114e-01 -3.70876421e-02 
 1.05575789e-01 -3.86626952e-02 
 1.05598464e-01 -3.95762510e-02 
 1.05621139e-01 -3.98447250e-02 
 1.05643814e-01 -3.94882880e-02 
 1.05666489e-01 -3.84924752e-02 
 1.05689164e-01 -3.68377729e-02 
 1.05711839e-01 -3.44631252e-02 
 1.05734514e-01 -3.12998502e-02 
 1.05757189e-01 -2.72768707e-02 
 1.05779864e-01 -2.23065065e-02 
 1.05802539e-01 -1.63353983e-02 
 1.05825214e-01 -9.35596071e-03 
 1.05847889e-01 -1.40438547e-03 
 1.05870564e-01  7.33953619e-03 
 1.05893239e-01  1.65662320e-02 
 1.05915914e-01  2.58340916e-02 
 1.05938589e-01  3.46442077e-02 
 1.05961264e-01  4.25100915e-02 
 1.05983939e-01  4.89200963e-02 
 1.06006614e-01  5.34142450e-02 
 1.06029289e-01  5.56778087e-02 
 1.06051964e-01  5.55449951e-02 
 1.06074639e-01  5.30068249e-02 
 1.06097314e-01  4.82536454e-02 
 1.06119989e-01  4.15704583e-02 
 1.06142664e-01  3.34320178e-02 
 1.06165339e-01  2.43489819e-02 
 1.06188014e-01  1.48698545e-02 
 1.06210689e-01  5.50562137e-03 
 1.06233364e-01 -3.30282538e-03 
 1.06256039e-01 -1.12289902e-02 
 1.06278714e-01 -1.81109775e-02 
 1.06301389e-01 -2.39279567e-02 
 1.06324064e-01 -2.86965683e-02 
 1.06346739e-01 -3.24938515e-02 
 1.06369414e-01 -3.54117302e-02 
 1.06392089e-01 -3.75501088e-02 
 1.06414764e-01 -3.89591316e-02 
 1.06437439e-01 -3.97014729e-02 
 1.06460114e-01 -3.98179037e-02 
 1.06482789e-01 -3.92993409e-02 
 1.06505464e-01 -3.81518818e-02 
 1.06528139e-01 -3.63183923e-02 
 1.06550814e-01 -3.37545228e-02 
 1.06573489e-01 -3.03921983e-02 
 1.06596164e-01 -2.61324788e-02 
 1.06618839e-01 -2.09190999e-02 
 1.06641514e-01 -1.47048621e-02 
 1.06664189e-01 -7.46786329e-03 
 1.06686864e-01  7.08500801e-04 
 1.06709539e-01  9.60419082e-03 
 1.06732214e-01  1.88774817e-02 
 1.06754889e-01  2.80775135e-02 
 1.06777564e-01  3.67143888e-02 
 1.06800239e-01  4.42662204e-02 
 1.06822914e-01  5.02203439e-02 
 1.06845589e-01  5.41938390e-02 
 1.06868264e-01  5.58599309e-02 
 1.06890939e-01  5.51409868e-02 
 1.06913614e-01  5.20439813e-02 
 1.06936289e-01  4.67650987e-02 
 1.06958964e-01  3.96700039e-02 
 1.06981639e-01  3.12377589e-02 
 1.07004314e-01  2.20024679e-02 
 1.07026989e-01  1.25155452e-02 
 1.07049664e-01  3.24179191e-03 
 1.07072339e-01 -5.36258453e-03 
 1.07095014e-01 -1.30501866e-02 
 1.07117689e-01 -1.96639261e-02 
 1.07140364e-01 -2.52080086e-02 
 1.07163039e-01 -2.97307218e-02 
 1.07185714e-01 -3.33011235e-02 
 1.07208389e-01 -3.60215779e-02 
 1.07231064e-01 -3.79615665e-02 
 1.07253739e-01 -3.92040555e-02 
 1.07276414e-01 -3.97952881e-02 
 1.07299089e-01 -3.97458886e-02 
 1.07321764e-01 -3.90785145e-02 
 1.07344439e-01 -3.77586596e-02 
 1.07367114e-01 -3.57559291e-02 
 1.07389789e-01 -3.29970814e-02 
 1.07412464e-01 -2.94146854e-02 
 1.07435139e-01 -2.49280249e-02 
 1.07457814e-01 -1.94692687e-02 
 1.07480489e-01 -1.29915214e-02 
 1.07503164e-01 -5.51301244e-03 
 1.07525839e-01  2.85639856e-03 
 1.07548514e-01  1.18895383e-02 
 1.07571189e-01  2.11891515e-02 
 1.07593864e-01  3.03089509e-02 
 1.07616539e-01  3.87096848e-02 
 1.07639214e-01  4.59021109e-02 
 1.07661889e-01  5.14018081e-02 
 1.07684564e-01  5.48247219e-02 
 1.07707239e-01  5.59217287e-02 
 1.07729914e-01  5.45653017e-02 
 1.07752589e-01  5.09056526e-02 
 1.07775264e-01  4.51410901e-02 
 1.07797939e-01  3.76590055e-02 
 1.07820614e-01  2.89920416e-02 
 1.07843289e-01  1.96371479e-02 
 1.07865964e-01  1.01600877e-02 
 1.07888639e-01  1.03069539e-03 
 1.07911314e-01 -7.37746324e-03 
 1.07933989e-01 -1.47935410e-02 
 1.07956664e-01 -2.11472244e-02 
 1.07979339e-01 -2.64279849e-02 
 1.08002014e-01 -3.07008576e-02 
 1.08024689e-01 -3.40591591e-02 
 1.08047364e-01 -3.65725095e-02 
 1.08070039e-01 -3.83395674e-02 
 1.08092714e-01 -3.94141685e-02 
 1.08115389e-01 -3.98377723e-02 
 1.08138064e-01 -3.96437340e-02 
 1.08160739e-01 -3.88151408e-02 
 1.08183414e-01 -3.73318492e-02 
 1.08206089e-01 -3.51404256e-02 
 1.08228764e-01 -3.21894783e-02 
 1.08251439e-01 -2.83919631e-02 
 1.08274114e-01 -2.36612974e-02 
 1.08296789e-01 -1.79536222e-02 
 1.08319464e-01 -1.12271134e-02 
 1.08342139e-01 -3.50393807e-03 
 1.08364814e-01  5.07036125e-03 
 1.08387489e-01  1.41910499e-02 
 1.08410164e-01  2.34932921e-02 
 1.08432839e-01  3.24809357e-02 
 1.08455514e-01  4.06365368e-02 
 1.08478189e-01  4.74535801e-02 
 1.08500864e-01  5.24610499e-02 
 1.08523539e-01  5.53213610e-02 
 1.08546214e-01  5.58231842e-02 
 1.08568889e-01  5.38937601e-02 
 1.08591564e-01  4.96601131e-02 
 1.08614239e-01  4.34196342e-02 
 1.08636914e-01  3.55892216e-02 
 1.08659589e-01  2.66983543e-02 
 1.08682264e-01  1.72747605e-02 
 1.08704939e-01  7.83412666e-03 
 1.08727614e-01 -1.13641991e-03 
 1.08750289e-01 -9.32608210e-03 
 1.08772964e-01 -1.64793188e-02 
 1.08795639e-01 -2.25626177e-02 
 1.08818314e-01 -2.75827357e-02 
 1.08840989e-01 -3.16229462e-02 
 1.08863664e-01 -3.47613211e-02 
 1.08886339e-01 -3.70832996e-02 
 1.08909014e-01 -3.86721693e-02 
 1.08931689e-01 -3.95788832e-02 
 1.08954364e-01 -3.98520023e-02 
 1.08977039e-01 -3.95026994e-02 
 1.08999714e-01 -3.85072640e-02 
 1.09000000e-01 -3.84997978e-02 
