 1.00000605e-01  2.49351994e-03 
 1.00023280e-01  2.83048732e-03 
 1.00045955e-01  3.16834137e-03 
 1.00068630e-01  3.50147735e-03 
 1.00091305e-01  3.83869184e-03 
 1.00113980e-01  4.17088772e-03 
 1.00136655e-01  4.50722161e-03 
 1.00159330e-01  4.83499139e-03 
 1.00182005e-01  5.16985718e-03 
 1.00204680e-01  5.49537339e-03 
 1.00227355e-01  5.82060324e-03 
 1.00250030e-01  6.14422154e-03 
 1.00272705e-01  6.46156265e-03 
 1.00295380e-01  6.77401388e-03 
 1.00318055e-01  7.08538446e-03 
 1.00340730e-01  7.39284425e-03 
 1.00363405e-01  7.68868640e-03 
 1.00386080e-01  7.98196163e-03 
 1.00408755e-01  8.27491755e-03 
 1.00431430e-01  8.55497917e-03 
 1.00454105e-01  8.83553300e-03 
 1.00476780e-01  9.10305051e-03 
 1.00499455e-01  9.37045416e-03 
 1.00522130e-01  9.62460758e-03 
 1.00544805e-01  9.87203784e-03 
 1.00567480e-01  1.01098363e-02 
 1.00590155e-01  1.03356910e-02 
 1.00612830e-01  1.05608271e-02 
 1.00635505e-01  1.07711069e-02 
 1.00658180e-01  1.09739428e-02 
 1.00680855e-01  1.11639504e-02 
 1.00703530e-01  1.13421427e-02 
 1.00726205e-01  1.15169564e-02 
 1.00748880e-01  1.16726896e-02 
 1.00771555e-01  1.18219459e-02 
 1.00794230e-01  1.19519973e-02 
 1.00816905e-01  1.20822103e-02 
 1.00839580e-01  1.21923371e-02 
 1.00862255e-01  1.22868949e-02 
 1.00884930e-01  1.23806588e-02 
 1.00907605e-01  1.24514344e-02 
 1.00930280e-01  1.25121473e-02 
 1.00952955e-01  1.25646139e-02 
 1.00975630e-01  1.25993904e-02 
 1.00998305e-01  1.26241968e-02 
 1.01020980e-01  1.26333194e-02 
 1.01043655e-01  1.26279000e-02 
 1.01066330e-01  1.26170057e-02 
 1.01089005e-01  1.25826026e-02 
 1.01111680e-01  1.25401625e-02 
 1.01134355e-01  1.24881627e-02 
 1.01157030e-01  1.24176466e-02 
 1.01179705e-01  1.23393614e-02 
 1.01202380e-01  1.22426405e-02 
 1.01225055e-01  1.21383352e-02 
 1.01247730e-01  1.20170362e-02 
 1.01270405e-01  1.18881229e-02 
 1.01293080e-01  1.17462998e-02 
 1.01315755e-01  1.15891420e-02 
 1.01338430e-01  1.14281289e-02 
 1.01361105e-01  1.12487102e-02 
 1.01383780e-01  1.10598712e-02 
 1.01406455e-01  1.08626803e-02 
 1.01429130e-01  1.06542548e-02 
 1.01451805e-01  1.04350696e-02 
 1.01474480e-01  1.02055855e-02 
 1.01497155e-01  9.96538463e-03 
 1.01519830e-01  9.72128733e-03 
 1.01542505e-01  9.46357453e-03 
 1.01565180e-01  9.19689737e-03 
 1.01587855e-01  8.93281108e-03 
 1.01610530e-01  8.64619137e-03 
 1.01633205e-01  8.36280699e-03 
 1.01655880e-01  8.07102288e-03 
 1.01678555e-01  7.77497337e-03 
 1.01701230e-01  7.46682635e-03 
 1.01723905e-01  7.15893017e-03 
 1.01746580e-01  6.84038263e-03 
 1.01769255e-01  6.52613457e-03 
 1.01791930e-01  6.20376693e-03 
 1.01814605e-01  5.87552119e-03 
 1.01837280e-01  5.54507025e-03 
 1.01859955e-01  5.21218697e-03 
 1.01882630e-01  4.87795270e-03 
 1.01905305e-01  4.53831651e-03 
 1.01927980e-01  4.19982941e-03 
 1.01950655e-01  3.85899407e-03 
 1.01973330e-01  3.51739980e-03 
 1.01996005e-01  3.17158535e-03 
 1.02018680e-01  2.82932317e-03 
 1.02041355e-01  2.48600505e-03 
 1.02064030e-01  2.13925628e-03 
 1.02086705e-01  1.79923007e-03 
 1.02109380e-01  1.45524237e-03 
 1.02132055e-01  1.11801620e-03 
 1.02154730e-01  7.77453163e-04 
 1.02177405e-01  4.42159260e-04 
 1.02200080e-01  1.07848569e-04 
 1.02222755e-01 -2.21874678e-04 
 1.02245430e-01 -5.52442446e-04 
 1.02268105e-01 -8.79919967e-04 
 1.02290780e-01 -1.19908190e-03 
 1.02313455e-01 -1.51861859e-03 
 1.02336130e-01 -1.83295086e-03 
 1.02358805e-01 -2.14255548e-03 
 1.02381480e-01 -2.44956470e-03 
 1.02404155e-01 -2.74922720e-03 
 1.02426830e-01 -3.04759254e-03 
 1.02449505e-01 -3.33954262e-03 
 1.02472180e-01 -3.62749563e-03 
 1.02494855e-01 -3.90850713e-03 
 1.02517530e-01 -4.18768945e-03 
 1.02540205e-01 -4.46094052e-03 
 1.02562880e-01 -4.72740737e-03 
 1.02585555e-01 -4.98746838e-03 
 1.02608230e-01 -5.24503812e-03 
 1.02630905e-01 -5.49425696e-03 
 1.02653580e-01 -5.73940609e-03 
 1.02676255e-01 -5.97612943e-03 
 1.02698930e-01 -6.21257495e-03 
 1.02721605e-01 -6.43807054e-03 
 1.02744280e-01 -6.66092773e-03 
 1.02766955e-01 -6.87310905e-03 
 1.02789630e-01 -7.08428713e-03 
 1.02812305e-01 -7.28505955e-03 
 1.02834980e-01 -7.48452095e-03 
 1.02857655e-01 -7.67340781e-03 
 1.02880330e-01 -7.85870438e-03 
 1.02903005e-01 -8.03425361e-03 
 1.02925680e-01 -8.20504839e-03 
 1.02948355e-01 -8.37005185e-03 
 1.02971030e-01 -8.52912636e-03 
 1.02993705e-01 -8.67937147e-03 
 1.03016380e-01 -8.82439515e-03 
 1.03039055e-01 -8.96256871e-03 
 1.03061730e-01 -9.09540054e-03 
 1.03084405e-01 -9.22089607e-03 
 1.03107080e-01 -9.34132280e-03 
 1.03129755e-01 -9.45239300e-03 
 1.03152430e-01 -9.55752300e-03 
 1.03175105e-01 -9.65961734e-03 
 1.03197780e-01 -9.75052243e-03 
 1.03220455e-01 -9.83908417e-03 
 1.03243130e-01 -9.91561431e-03 
 1.03265805e-01 -9.99288476e-03 
 1.03288480e-01 -1.00568293e-02 
 1.03311155e-01 -1.01206172e-02 
 1.03333830e-01 -1.01691769e-02 
 1.03356505e-01 -1.02198876e-02 
 1.03379180e-01 -1.02576939e-02 
 1.03401855e-01 -1.02929016e-02 
 1.03424530e-01 -1.03190941e-02 
 1.03447205e-01 -1.03413702e-02 
 1.03469880e-01 -1.03533638e-02 
 1.03492555e-01 -1.03647444e-02 
 1.03515230e-01 -1.03619073e-02 
 1.03537905e-01 -1.03600998e-02 
 1.03560580e-01 -1.03464475e-02 
 1.03583255e-01 -1.03286597e-02 
 1.03605930e-01 -1.03033778e-02 
 1.03628605e-01 -1.02751988e-02 
 1.03651280e-01 -1.02337493e-02 
 1.03673955e-01 -1.01937805e-02 
 1.03696630e-01 -1.01405107e-02 
 1.03719305e-01 -1.00853133e-02 
 1.03741980e-01 -1.00216205e-02 
 1.03764655e-01 -9.94903333e-03 
 1.03787330e-01 -9.87643053e-03 
 1.03810005e-01 -9.79252487e-03 
 1.03832680e-01 -9.70458631e-03 
 1.03855355e-01 -9.60821054e-03 
 1.03878030e-01 -9.50424919e-03 
 1.03900705e-01 -9.39836599e-03 
 1.03923380e-01 -9.28433209e-03 
 1.03946055e-01 -9.16378508e-03 
 1.03968730e-01 -9.03800147e-03 
 1.03991405e-01 -8.90295569e-03 
 1.04014080e-01 -8.76555807e-03 
 1.04036755e-01 -8.61856211e-03 
 1.04059430e-01 -8.46817763e-03 
 1.04082105e-01 -8.30762213e-03 
 1.04104780e-01 -8.14585388e-03 
 1.04127455e-01 -7.97546750e-03 
 1.04150130e-01 -7.79865409e-03 
 1.04172805e-01 -7.61535748e-03 
 1.04195480e-01 -7.42679197e-03 
 1.04218155e-01 -7.23431020e-03 
 1.04240830e-01 -7.03263214e-03 
 1.04263505e-01 -6.82738128e-03 
 1.04286180e-01 -6.61341553e-03 
 1.04308855e-01 -6.39895196e-03 
 1.04331530e-01 -6.17433033e-03 
 1.04354205e-01 -5.94553666e-03 
 1.04376880e-01 -5.71052806e-03 
 1.04399555e-01 -5.46998720e-03 
 1.04422230e-01 -5.22259529e-03 
 1.04444905e-01 -4.97239581e-03 
 1.04467580e-01 -4.71702350e-03 
 1.04490255e-01 -4.45459590e-03 
 1.04512930e-01 -4.19043132e-03 
 1.04535605e-01 -3.91758595e-03 
 1.04558280e-01 -3.64147790e-03 
 1.04580955e-01 -3.36337271e-03 
 1.04603630e-01 -3.07965003e-03 
 1.04626305e-01 -2.78520449e-03 
 1.04648980e-01 -2.49586955e-03 
 1.04671655e-01 -2.19493940e-03 
 1.04694330e-01 -1.89664215e-03 
 1.04717005e-01 -1.59000939e-03 
 1.04739680e-01 -1.27994807e-03 
 1.04762355e-01 -9.65633705e-04 
 1.04785030e-01 -6.50422297e-04 
 1.04807705e-01 -3.28702209e-04 
 1.04830380e-01 -9.65598132e-06 
 1.04853055e-01  3.19171865e-04 
 1.04875730e-01  6.45985971e-04 
 1.04898405e-01  9.74252574e-04 
 1.04921080e-01  1.30859097e-03 
 1.04943755e-01  1.63776733e-03 
 1.04966430e-01  1.97553959e-03 
 1.04989105e-01  2.30890800e-03 
 1.05011780e-01  2.64871576e-03 
 1.05034455e-01  2.98163326e-03 
 1.05057130e-01  3.31879115e-03 
 1.05079805e-01  3.65578468e-03 
 1.05102480e-01  3.99227925e-03 
 1.05125155e-01  4.32708210e-03 
 1.05147830e-01  4.65451097e-03 
 1.05170505e-01  4.99151154e-03 
 1.05193180e-01  5.31608159e-03 
 1.05215855e-01  5.64154391e-03 
 1.05238530e-01  5.96897970e-03 
 1.05261205e-01  6.28446142e-03 
 1.05283880e-01  6.60657493e-03 
 1.05306555e-01  6.91507186e-03 
 1.05329230e-01  7.22507365e-03 
 1.05351905e-01  7.52641249e-03 
 1.05374580e-01  7.82445984e-03 
 1.05397255e-01  8.11621585e-03 
 1.05419930e-01  8.40242843e-03 
 1.05442605e-01  8.68159677e-03 
 1.05465280e-01  8.95627894e-03 
 1.05487955e-01  9.22357268e-03 
 1.05510630e-01  9.48242241e-03 
 1.05533305e-01  9.73426187e-03 
 1.05555980e-01  9.97628017e-03 
 1.05578655e-01  1.02107993e-02 
 1.05601330e-01  1.04396004e-02 
 1.05624005e-01  1.06526657e-02 
 1.05646680e-01  1.08608794e-02 
 1.05669355e-01  1.10598461e-02 
 1.05692030e-01  1.12395280e-02 
 1.05714705e-01  1.14202741e-02 
 1.05737380e-01  1.15816490e-02 
 1.05760055e-01  1.17344764e-02 
 1.05782730e-01  1.18767271e-02 
 1.05805405e-01  1.20060250e-02 
 1.05828080e-01  1.21276793e-02 
 1.05850755e-01  1.22297202e-02 
 1.05873430e-01  1.23229562e-02 
 1.05896105e-01  1.24036209e-02 
 1.05918780e-01  1.24732055e-02 
 1.05941455e-01  1.25246205e-02 
 1.05964130e-01  1.25699982e-02 
 1.05986805e-01  1.25991526e-02 
 1.06009480e-01  1.26208002e-02 
 1.06032155e-01  1.26190358e-02 
 1.06054830e-01  1.26120341e-02 
 1.06077505e-01  1.25872144e-02 
 1.06100180e-01  1.25514664e-02 
 1.06122855e-01  1.25046745e-02 
 1.06145530e-01  1.24392576e-02 
 1.06168205e-01  1.23701588e-02 
 1.06190880e-01  1.22766729e-02 
 1.06213555e-01  1.21831526e-02 
 1.06236230e-01  1.20644389e-02 
 1.06258905e-01  1.19440818e-02 
 1.06281580e-01  1.18059741e-02 
 1.06304255e-01  1.16594383e-02 
 1.06326930e-01  1.15016339e-02 
 1.06349605e-01  1.13281844e-02 
 1.06372280e-01  1.11418348e-02 
 1.06394955e-01  1.09515328e-02 
 1.06417630e-01  1.07459754e-02 
 1.06440305e-01  1.05374385e-02 
 1.06462980e-01  1.03078090e-02 
 1.06485655e-01  1.00806548e-02 
 1.06508330e-01  9.83414502e-03 
 1.06531005e-01  9.58428626e-03 
 1.06553680e-01  9.32131528e-03 
 1.06576355e-01  9.05174935e-03 
 1.06599030e-01  8.78188816e-03 
 1.06621705e-01  8.49539444e-03 
 1.06644380e-01  8.20693131e-03 
 1.06667055e-01  7.91354474e-03 
 1.06689730e-01  7.60838263e-03 
 1.06712405e-01  7.30266826e-03 
 1.06735080e-01  6.99072440e-03 
 1.06757755e-01  6.67293016e-03 
 1.06780430e-01  6.35611740e-03 
 1.06803105e-01  6.02967619e-03 
 1.06825780e-01  5.70273507e-03 
 1.06848455e-01  5.37021033e-03 
 1.06871130e-01  5.03861697e-03 
 1.06893805e-01  4.69656855e-03 
 1.06916480e-01  4.36065731e-03 
 1.06939155e-01  4.01748352e-03 
 1.06961830e-01  3.67794127e-03 
 1.06984505e-01  3.33502338e-03 
 1.07007180e-01  2.99005998e-03 
 1.07029855e-01  2.64715688e-03 
 1.07052530e-01  2.30205580e-03 
 1.07075205e-01  1.96046448e-03 
 1.07097880e-01  1.61648622e-03 
 1.07120555e-01  1.27766280e-03 
 1.07143230e-01  9.38490301e-04 
 1.07165905e-01  6.00784915e-04 
 1.07188580e-01  2.62440554e-04 
 1.07211255e-01 -6.69663091e-05 
 1.07233930e-01 -3.98419772e-04 
 1.07256605e-01 -7.25012022e-04 
 1.07279280e-01 -1.05080203e-03 
 1.07301955e-01 -1.36767179e-03 
 1.07324630e-01 -1.68612313e-03 
 1.07347305e-01 -1.99851073e-03 
 1.07369980e-01 -2.30642174e-03 
 1.07392655e-01 -2.61147654e-03 
 1.07415330e-01 -2.91064818e-03 
 1.07438005e-01 -3.20259038e-03 
 1.07460680e-01 -3.49435165e-03 
 1.07483355e-01 -3.77847054e-03 
 1.07506030e-01 -4.05756391e-03 
 1.07528705e-01 -4.33362909e-03 
 1.07551380e-01 -4.60224870e-03 
 1.07574055e-01 -4.86837020e-03 
 1.07596730e-01 -5.12635216e-03 
 1.07619405e-01 -5.37995865e-03 
 1.07642080e-01 -5.62760584e-03 
 1.07664755e-01 -5.86939190e-03 
 1.07687430e-01 -6.10723168e-03 
 1.07710105e-01 -6.33730075e-03 
 1.07732780e-01 -6.56089961e-03 
 1.07755455e-01 -6.77821483e-03 
 1.07778130e-01 -6.99077212e-03 
 1.07800805e-01 -7.19468321e-03 
 1.07823480e-01 -7.39530922e-03 
 1.07846155e-01 -7.59108312e-03 
 1.07868830e-01 -7.77538508e-03 
 1.07891505e-01 -7.95765274e-03 
 1.07914180e-01 -8.13103531e-03 
 1.07936855e-01 -8.29910895e-03 
 1.07959530e-01 -8.46083116e-03 
 1.07982205e-01 -8.61467038e-03 
 1.08004880e-01 -8.76284703e-03 
 1.08027555e-01 -8.90846165e-03 
 1.08050230e-01 -9.04219833e-03 
 1.08072905e-01 -9.16776013e-03 
 1.08095580e-01 -9.29442705e-03 
 1.08118255e-01 -9.40757422e-03 
 1.08140930e-01 -9.51909144e-03 
 1.08163605e-01 -9.62033349e-03 
 1.08186280e-01 -9.71611613e-03 
 1.08208955e-01 -9.80676302e-03 
 1.08231630e-01 -9.88842603e-03 
 1.08254305e-01 -9.96495836e-03 
 1.08276980e-01 -1.00360615e-02 
 1.08299655e-01 -1.01011709e-02 
 1.08322330e-01 -1.01563762e-02 
 1.08345005e-01 -1.02061966e-02 
 1.08367680e-01 -1.02501210e-02 
 1.08390355e-01 -1.02891194e-02 
 1.08413030e-01 -1.03183480e-02 
 1.08435705e-01 -1.03427789e-02 
 1.08458380e-01 -1.03581412e-02 
 1.08481055e-01 -1.03719941e-02 
 1.08503730e-01 -1.03763669e-02 
 1.08526405e-01 -1.03723719e-02 
 1.08549080e-01 -1.03662622e-02 
 1.08571755e-01 -1.03502889e-02 
 1.08594430e-01 -1.03297764e-02 
 1.08617105e-01 -1.03018926e-02 
 1.08639780e-01 -1.02694994e-02 
 1.08662455e-01 -1.02250078e-02 
 1.08685130e-01 -1.01813297e-02 
 1.08707805e-01 -1.01246569e-02 
 1.08730480e-01 -1.00640760e-02 
 1.08753155e-01 -9.99922717e-03 
 1.08775830e-01 -9.92739055e-03 
 1.08798505e-01 -9.84920079e-03 
 1.08821180e-01 -9.76082828e-03 
 1.08843855e-01 -9.66968898e-03 
 1.08866530e-01 -9.56894098e-03 
 1.08889205e-01 -9.46935375e-03 
 1.08911880e-01 -9.35365238e-03 
 1.08934555e-01 -9.23900919e-03 
 1.08957230e-01 -9.11474192e-03 
 1.08979905e-01 -8.98544361e-03 
 1.09000000e-01 -8.86289090e-03 
