 1.00019640e-01 -1.52548929e-01 
 1.00042315e-01 -1.47756486e-01 
 1.00064990e-01 -1.27782127e-01 
 1.00087665e-01 -8.15505796e-02 
 1.00110340e-01 -1.62944962e-02 
 1.00133015e-01  5.74143509e-02 
 1.00155690e-01  1.32131518e-01 
 1.00178365e-01  2.03524848e-01 
 1.00201040e-01  2.69236237e-01 
 1.00223715e-01  3.26774154e-01 
 1.00246390e-01  3.34161224e-01 
 1.00269065e-01  3.35153307e-01 
 1.00291740e-01  3.35711267e-01 
 1.00314415e-01  3.35964865e-01 
 1.00337090e-01  3.36088882e-01 
 1.00359765e-01  3.36143066e-01 
 1.00382440e-01  3.36137135e-01 
 1.00405115e-01  3.36083133e-01 
 1.00427790e-01  3.35989797e-01 
 1.00450465e-01  3.35862415e-01 
 1.00473140e-01  3.35704143e-01 
 1.00495815e-01  3.35516094e-01 
 1.00518490e-01  3.35297877e-01 
 1.00541165e-01  3.35047707e-01 
 1.00563840e-01  3.34761146e-01 
 1.00586515e-01  3.34431544e-01 
 1.00609190e-01  3.34047563e-01 
 1.00631865e-01  3.33590205e-01 
 1.00654540e-01  3.33025100e-01 
 1.00677215e-01  3.32281044e-01 
 1.00699890e-01  3.31181186e-01 
 1.00722565e-01  3.28711367e-01 
 1.00745240e-01  2.92555806e-01 
 1.00767915e-01  2.27670581e-01 
 1.00790590e-01  1.56449401e-01 
 1.00813265e-01  8.11366638e-02 
 1.00835940e-01  5.00827674e-03 
 1.00858615e-01 -6.55349220e-02 
 1.00881290e-01 -1.20694928e-01 
 1.00903965e-01 -1.49768496e-01 
 1.00926640e-01 -1.56648698e-01 
 1.00949315e-01 -1.57584789e-01 
 1.00971990e-01 -1.57775135e-01 
 1.00994665e-01 -1.57824137e-01 
 1.01017340e-01 -1.57814038e-01 
 1.01040015e-01 -1.57781952e-01 
 1.01062690e-01 -1.57738232e-01 
 1.01085365e-01 -1.57687235e-01 
 1.01108040e-01 -1.57631298e-01 
 1.01130715e-01 -1.57572020e-01 
 1.01153390e-01 -1.57510306e-01 
 1.01176065e-01 -1.57446795e-01 
 1.01198740e-01 -1.57381868e-01 
 1.01221415e-01 -1.57315850e-01 
 1.01244090e-01 -1.57248929e-01 
 1.01266765e-01 -1.57181277e-01 
 1.01289440e-01 -1.57112996e-01 
 1.01312115e-01 -1.57044187e-01 
 1.01334790e-01 -1.56974902e-01 
 1.01357465e-01 -1.56905209e-01 
 1.01380140e-01 -1.56835120e-01 
 1.01402815e-01 -1.56764689e-01 
 1.01425490e-01 -1.56693922e-01 
 1.01448165e-01 -1.56622827e-01 
 1.01470840e-01 -1.56551412e-01 
 1.01493515e-01 -1.56479679e-01 
 1.01516190e-01 -1.56407607e-01 
 1.01538865e-01 -1.56335191e-01 
 1.01561540e-01 -1.56262404e-01 
 1.01584215e-01 -1.56189209e-01 
 1.01606890e-01 -1.56115563e-01 
 1.01629565e-01 -1.56041418e-01 
 1.01652240e-01 -1.55966693e-01 
 1.01674915e-01 -1.55891294e-01 
 1.01697590e-01 -1.55815099e-01 
 1.01720265e-01 -1.55737955e-01 
 1.01742940e-01 -1.55659655e-01 
 1.01765615e-01 -1.55579899e-01 
 1.01788290e-01 -1.55498302e-01 
 1.01810965e-01 -1.55414317e-01 
 1.01833640e-01 -1.55327100e-01 
 1.01856315e-01 -1.55235426e-01 
 1.01878990e-01 -1.55137291e-01 
 1.01901665e-01 -1.55029297e-01 
 1.01924340e-01 -1.54905085e-01 
 1.01947015e-01 -1.54751606e-01 
 1.01969690e-01 -1.54537339e-01 
 1.01992365e-01 -1.54155053e-01 
 1.02015040e-01 -1.53227443e-01 
 1.02037715e-01 -1.49737232e-01 
 1.02060390e-01 -1.34198689e-01 
 1.02083065e-01 -9.31547621e-02 
 1.02105740e-01 -3.08601659e-02 
 1.02128415e-01  4.18563836e-02 
 1.02151090e-01  1.16786072e-01 
 1.02173765e-01  1.89123566e-01 
 1.02196440e-01  2.56070541e-01 
 1.02219115e-01  3.16578124e-01 
 1.02241790e-01  3.33471326e-01 
 1.02264465e-01  3.34688448e-01 
 1.02287140e-01  3.35351492e-01 
 1.02309815e-01  3.35621809e-01 
 1.02332490e-01  3.35749997e-01 
 1.02355165e-01  3.35818629e-01 
 1.02377840e-01  3.35824777e-01 
 1.02400515e-01  3.35779762e-01 
 1.02423190e-01  3.35694029e-01 
 1.02445865e-01  3.35573304e-01 
 1.02468540e-01  3.35421145e-01 
 1.02491215e-01  3.35239401e-01 
 1.02513890e-01  3.35027722e-01 
 1.02536565e-01  3.34784305e-01 
 1.02559240e-01  3.34505580e-01 
 1.02581915e-01  3.34185743e-01 
 1.02604590e-01  3.33814212e-01 
 1.02627265e-01  3.33374033e-01 
 1.02649940e-01  3.32835015e-01 
 1.02672615e-01  3.32136532e-01 
 1.02695290e-01  3.31134705e-01 
 1.02717965e-01  3.29348811e-01 
 1.02740640e-01  3.04766245e-01 
 1.02763315e-01  2.40878234e-01 
 1.02785990e-01  1.71028910e-01 
 1.02808665e-01  9.63291778e-02 
 1.02831340e-01  1.99896017e-02 
 1.02854015e-01 -5.24148161e-02 
 1.02876690e-01 -1.11645843e-01 
 1.02899365e-01 -1.46485977e-01 
 1.02922040e-01 -1.56437400e-01 
 1.02944715e-01 -1.57816671e-01 
 1.02967390e-01 -1.58069106e-01 
 1.02990065e-01 -1.58136952e-01 
 1.03012740e-01 -1.58132906e-01 
 1.03035415e-01 -1.58103777e-01 
 1.03058090e-01 -1.58061841e-01 
 1.03080765e-01 -1.58011988e-01 
 1.03103440e-01 -1.57956731e-01 
 1.03126115e-01 -1.57897920e-01 
 1.03148790e-01 -1.57836494e-01 
 1.03171465e-01 -1.57773168e-01 
 1.03194140e-01 -1.57708358e-01 
 1.03216815e-01 -1.57642399e-01 
 1.03239490e-01 -1.57575507e-01 
 1.03262165e-01 -1.57507855e-01 
 1.03284840e-01 -1.57439548e-01 
 1.03307515e-01 -1.57370700e-01 
 1.03330190e-01 -1.57301373e-01 
 1.03352865e-01 -1.57231612e-01 
 1.03375540e-01 -1.57161457e-01 
 1.03398215e-01 -1.57090957e-01 
 1.03420890e-01 -1.57020111e-01 
 1.03443565e-01 -1.56948944e-01 
 1.03466240e-01 -1.56877450e-01 
 1.03488915e-01 -1.56805647e-01 
 1.03511590e-01 -1.56733498e-01 
 1.03534265e-01 -1.56661018e-01 
 1.03556940e-01 -1.56588166e-01 
 1.03579615e-01 -1.56514915e-01 
 1.03602290e-01 -1.56441223e-01 
 1.03624965e-01 -1.56367037e-01 
 1.03647640e-01 -1.56292296e-01 
 1.03670315e-01 -1.56216901e-01 
 1.03692990e-01 -1.56140747e-01 
 1.03715665e-01 -1.56063666e-01 
 1.03738340e-01 -1.55985479e-01 
 1.03761015e-01 -1.55905906e-01 
 1.03783690e-01 -1.55824577e-01 
 1.03806365e-01 -1.55740993e-01 
 1.03829040e-01 -1.55654369e-01 
 1.03851715e-01 -1.55563597e-01 
 1.03874390e-01 -1.55466839e-01 
 1.03897065e-01 -1.55361104e-01 
 1.03919740e-01 -1.55240795e-01 
 1.03942415e-01 -1.55094754e-01 
 1.03965090e-01 -1.54897060e-01 
 1.03987765e-01 -1.54565080e-01 
 1.04010440e-01 -1.53810785e-01 
 1.04033115e-01 -1.51252441e-01 
 1.04055790e-01 -1.39437696e-01 
 1.04078465e-01 -1.03884957e-01 
 1.04101140e-01 -4.49509999e-02 
 1.04123815e-01  2.64258218e-02 
 1.04146490e-01  1.01389927e-01 
 1.04169165e-01  1.74491233e-01 
 1.04191840e-01  2.42606532e-01 
 1.04214515e-01  3.04679804e-01 
 1.04237190e-01  3.32640093e-01 
 1.04259865e-01  3.34348957e-01 
 1.04282540e-01  3.35160521e-01 
 1.04305215e-01  3.35348203e-01 
 1.04327890e-01  3.35417670e-01 
 1.04350565e-01  3.35503424e-01 
 1.04373240e-01  3.35522901e-01 
 1.04395915e-01  3.35487384e-01 
 1.04418590e-01  3.35409343e-01 
 1.04441265e-01  3.35295618e-01 
 1.04463940e-01  3.35149847e-01 
 1.04486615e-01  3.34974091e-01 
 1.04509290e-01  3.34768630e-01 
 1.04531965e-01  3.34532031e-01 
 1.04554640e-01  3.34261154e-01 
 1.04577315e-01  3.33950453e-01 
 1.04599990e-01  3.33590512e-01 
 1.04622665e-01  3.33166291e-01 
 1.04645340e-01  3.32650815e-01 
 1.04668015e-01  3.31992396e-01 
 1.04690690e-01  3.31072725e-01 
 1.04713365e-01  3.29529562e-01 
 1.04736040e-01  3.16151969e-01 
 1.04758715e-01  2.53987046e-01 
 1.04781390e-01  1.85396989e-01 
 1.04804065e-01  1.11321781e-01 
 1.04826740e-01  3.50904750e-02 
 1.04849415e-01 -3.87477272e-02 
 1.04872090e-01 -1.01555971e-01 
 1.04894765e-01 -1.42072798e-01 
 1.04917440e-01 -1.55928486e-01 
 1.04940115e-01 -1.58002559e-01 
 1.04962790e-01 -1.58346197e-01 
 1.04985465e-01 -1.58428428e-01 
 1.05008140e-01 -1.58437915e-01 
 1.05030815e-01 -1.58412603e-01 
 1.05053490e-01 -1.58373280e-01 
 1.05076165e-01 -1.58324694e-01 
 1.05098840e-01 -1.58270189e-01 
 1.05121515e-01 -1.58211882e-01 
 1.05144190e-01 -1.58150778e-01 
 1.05166865e-01 -1.58087658e-01 
 1.05189540e-01 -1.58022986e-01 
 1.05212215e-01 -1.57957113e-01 
 1.05234890e-01 -1.57890254e-01 
 1.05257565e-01 -1.57822606e-01 
 1.05280240e-01 -1.57754291e-01 
 1.05302915e-01 -1.57685414e-01 
 1.05325590e-01 -1.57616035e-01 
 1.05348265e-01 -1.57546221e-01 
 1.05370940e-01 -1.57476017e-01 
 1.05393615e-01 -1.57405441e-01 
 1.05416290e-01 -1.57334530e-01 
 1.05438965e-01 -1.57263289e-01 
 1.05461640e-01 -1.57191729e-01 
 1.05484315e-01 -1.57119852e-01 
 1.05506990e-01 -1.57047637e-01 
 1.05529665e-01 -1.56975092e-01 
 1.05552340e-01 -1.56902173e-01 
 1.05575015e-01 -1.56828870e-01 
 1.05597690e-01 -1.56755146e-01 
 1.05620365e-01 -1.56680930e-01 
 1.05643040e-01 -1.56606177e-01 
 1.05665715e-01 -1.56530783e-01 
 1.05688390e-01 -1.56454656e-01 
 1.05711065e-01 -1.56377645e-01 
 1.05733740e-01 -1.56299564e-01 
 1.05756415e-01 -1.56220159e-01 
 1.05779090e-01 -1.56139094e-01 
 1.05801765e-01 -1.56055878e-01 
 1.05824440e-01 -1.55969824e-01 
 1.05847115e-01 -1.55879870e-01 
 1.05869790e-01 -1.55784396e-01 
 1.05892465e-01 -1.55680662e-01 
 1.05915140e-01 -1.55563817e-01 
 1.05937815e-01 -1.55424280e-01 
 1.05960490e-01 -1.55240456e-01 
 1.05983165e-01 -1.54953364e-01 
 1.06005840e-01 -1.54325494e-01 
 1.06028515e-01 -1.52415552e-01 
 1.06051190e-01 -1.43628962e-01 
 1.06073865e-01 -1.13615259e-01 
 1.06096540e-01 -5.86027704e-02 
 1.06119215e-01  1.11088663e-02 
 1.06141890e-01  8.59164327e-02 
 1.06164565e-01  1.59693482e-01 
 1.06187240e-01  2.28923026e-01 
 1.06209915e-01  2.92325808e-01 
 1.06232590e-01  3.31562215e-01 
 1.06255265e-01  3.33669953e-01 
 1.06277940e-01  3.34816849e-01 
 1.06300615e-01  3.35126135e-01 
 1.06323290e-01  3.35118682e-01 
 1.06345965e-01  3.35198997e-01 
 1.06368640e-01  3.35229146e-01 
 1.06391315e-01  3.35203711e-01 
 1.06413990e-01  3.35133949e-01 
 1.06436665e-01  3.35027180e-01 
 1.06459340e-01  3.34887848e-01 
 1.06482015e-01  3.34718306e-01 
 1.06504690e-01  3.34519021e-01 
 1.06527365e-01  3.34288989e-01 
 1.06550040e-01  3.34025709e-01 
 1.06572715e-01  3.33723648e-01 
 1.06595390e-01  3.33374909e-01 
 1.06618065e-01  3.32965611e-01 
 1.06640740e-01  3.32472032e-01 
 1.06663415e-01  3.31849146e-01 
 1.06686090e-01  3.30998425e-01 
 1.06708765e-01  3.29641977e-01 
 1.06731440e-01  3.24231554e-01 
 1.06754115e-01  2.66875039e-01 
 1.06776790e-01  1.99504145e-01 
 1.06799465e-01  1.26356970e-01 
 1.06822140e-01  5.02992426e-02 
 1.06844815e-01 -2.46200108e-02 
 1.06867490e-01 -9.05412544e-02 
 1.06890165e-01 -1.36435283e-01 
 1.06912840e-01 -1.54978443e-01 
 1.06935515e-01 -1.58126302e-01 
 1.06958190e-01 -1.58597357e-01 
 1.06980865e-01 -1.58711166e-01 
 1.07003540e-01 -1.58731688e-01 
 1.07026215e-01 -1.58710064e-01 
 1.07048890e-01 -1.58673246e-01 
 1.07071565e-01 -1.58626008e-01 
 1.07094240e-01 -1.58572373e-01 
 1.07116915e-01 -1.58514591e-01 
 1.07139590e-01 -1.58453860e-01 
 1.07162265e-01 -1.58390974e-01 
 1.07184940e-01 -1.58326452e-01 
 1.07207615e-01 -1.58260662e-01 
 1.07230290e-01 -1.58193856e-01 
 1.07252965e-01 -1.58126223e-01 
 1.07275640e-01 -1.58057907e-01 
 1.07298315e-01 -1.57989005e-01 
 1.07320990e-01 -1.57919594e-01 
 1.07343665e-01 -1.57849731e-01 
 1.07366340e-01 -1.57779475e-01 
 1.07389015e-01 -1.57708839e-01 
 1.07411690e-01 -1.57637865e-01 
 1.07434365e-01 -1.57566560e-01 
 1.07457040e-01 -1.57494931e-01 
 1.07479715e-01 -1.57422985e-01 
 1.07502390e-01 -1.57350715e-01 
 1.07525065e-01 -1.57278109e-01 
 1.07547740e-01 -1.57205135e-01 
 1.07570415e-01 -1.57131788e-01 
 1.07593090e-01 -1.57058012e-01 
 1.07615765e-01 -1.56983782e-01 
 1.07638440e-01 -1.56909002e-01 
 1.07661115e-01 -1.56833619e-01 
 1.07683790e-01 -1.56757527e-01 
 1.07706465e-01 -1.56680571e-01 
 1.07729140e-01 -1.56602599e-01 
 1.07751815e-01 -1.56523361e-01 
 1.07774490e-01 -1.56442534e-01 
 1.07797165e-01 -1.56359677e-01 
 1.07819840e-01 -1.56274138e-01 
 1.07842515e-01 -1.56184950e-01 
 1.07865190e-01 -1.56090639e-01 
 1.07887865e-01 -1.55988767e-01 
 1.07910540e-01 -1.55875015e-01 
 1.07933215e-01 -1.55741125e-01 
 1.07955890e-01 -1.55569027e-01 
 1.07978565e-01 -1.55311573e-01 
 1.08001240e-01 -1.54787025e-01 
 1.08023915e-01 -1.53328156e-01 
 1.08046590e-01 -1.46886008e-01 
 1.08069265e-01 -1.22300704e-01 
 1.08091940e-01 -7.15944974e-02 
 1.08114615e-01 -3.97973721e-03 
 1.08137290e-01  7.03915789e-02 
 1.08159965e-01  1.44732490e-01 
 1.08182640e-01  2.15189530e-01 
 1.08205315e-01  2.79768555e-01 
 1.08227990e-01  3.29534568e-01 
 1.08250665e-01  3.33181669e-01 
 1.08273340e-01  3.34399155e-01 
 1.08296015e-01  3.34777400e-01 
 1.08318690e-01  3.34806534e-01 
 1.08341365e-01  3.34898515e-01 
 1.08364040e-01  3.34943026e-01 
 1.08386715e-01  3.34928437e-01 
 1.08409390e-01  3.34866958e-01 
 1.08432065e-01  3.34767267e-01 
 1.08454740e-01  3.34634472e-01 
 1.08477415e-01  3.34471060e-01 
 1.08500090e-01  3.34277999e-01 
 1.08522765e-01  3.34054542e-01 
 1.08545440e-01  3.33798202e-01 
 1.08568115e-01  3.33504857e-01 
 1.08590790e-01  3.33166575e-01 
 1.08613465e-01  3.32771184e-01 
 1.08636140e-01  3.32297180e-01 
 1.08658815e-01  3.31706463e-01 
 1.08681490e-01  3.30914826e-01 
 1.08704165e-01  3.29704579e-01 
 1.08726840e-01  3.26506231e-01 
 1.08749515e-01  2.79571242e-01 
 1.08772190e-01  2.13452291e-01 
 1.08794865e-01  1.41279383e-01 
 1.08817540e-01  6.55279047e-02 
 1.08840215e-01 -1.01287341e-02 
 1.08862890e-01 -7.86650536e-02 
 1.08885565e-01 -1.29580929e-01 
 1.08908240e-01 -1.53406742e-01 
 1.08930915e-01 -1.58163342e-01 
 1.08953590e-01 -1.58830689e-01 
 1.08976265e-01 -1.58978843e-01 
 1.08998940e-01 -1.59012516e-01 
 1.09000000e-01 -1.59009123e-01 
