 1.00020698e-01  1.04993994e-03 
 1.00043373e-01  1.85685496e-03 
 1.00066048e-01  2.67245481e-03 
 1.00088723e-01  3.48318794e-03 
 1.00111398e-01  4.29512437e-03 
 1.00134073e-01  5.09722645e-03 
 1.00156748e-01  5.87711752e-03 
 1.00179423e-01  6.64772769e-03 
 1.00202098e-01  7.37779909e-03 
 1.00224773e-01  8.08740221e-03 
 1.00247448e-01  8.75304139e-03 
 1.00270123e-01  9.37532350e-03 
 1.00292798e-01  9.95013931e-03 
 1.00315473e-01  1.04652888e-02 
 1.00338148e-01  1.09214548e-02 
 1.00360823e-01  1.13120807e-02 
 1.00383498e-01  1.16295377e-02 
 1.00406173e-01  1.18770839e-02 
 1.00428848e-01  1.20474745e-02 
 1.00451523e-01  1.21419532e-02 
 1.00474198e-01  1.21543922e-02 
 1.00496873e-01  1.20893106e-02 
 1.00519548e-01  1.19468364e-02 
 1.00542223e-01  1.17277288e-02 
 1.00564898e-01  1.14327790e-02 
 1.00587573e-01  1.10681853e-02 
 1.00610248e-01  1.06332248e-02 
 1.00632923e-01  1.01413786e-02 
 1.00655598e-01  9.58112796e-03 
 1.00678273e-01  8.97283290e-03 
 1.00700948e-01  8.31951316e-03 
 1.00723623e-01  7.62070867e-03 
 1.00746298e-01  6.88813078e-03 
 1.00768973e-01  6.13191102e-03 
 1.00791648e-01  5.34707438e-03 
 1.00814323e-01  4.54911610e-03 
 1.00836998e-01  3.73623812e-03 
 1.00859673e-01  2.92174794e-03 
 1.00882348e-01  2.09863938e-03 
 1.00905023e-01  1.28579223e-03 
 1.00927698e-01  4.81942759e-04 
 1.00950373e-01 -3.10928500e-04 
 1.00973048e-01 -1.08225640e-03 
 1.00995723e-01 -1.83492808e-03 
 1.01018398e-01 -2.55828286e-03 
 1.01041073e-01 -3.26126053e-03 
 1.01063748e-01 -3.92953738e-03 
 1.01086423e-01 -4.57164120e-03 
 1.01109098e-01 -5.17945337e-03 
 1.01131773e-01 -5.75569467e-03 
 1.01154448e-01 -6.29662924e-03 
 1.01177123e-01 -6.80221442e-03 
 1.01199798e-01 -7.27032152e-03 
 1.01222473e-01 -7.70233712e-03 
 1.01245148e-01 -8.09700701e-03 
 1.01267823e-01 -8.45301229e-03 
 1.01290498e-01 -8.77129730e-03 
 1.01313173e-01 -9.04940914e-03 
 1.01335848e-01 -9.29243150e-03 
 1.01358523e-01 -9.49214004e-03 
 1.01381198e-01 -9.65642858e-03 
 1.01403873e-01 -9.77907225e-03 
 1.01426548e-01 -9.86621302e-03 
 1.01449223e-01 -9.91329940e-03 
 1.01471898e-01 -9.91944007e-03 
 1.01494573e-01 -9.89106850e-03 
 1.01517248e-01 -9.81913375e-03 
 1.01539923e-01 -9.71182660e-03 
 1.01562598e-01 -9.56257681e-03 
 1.01585273e-01 -9.38076284e-03 
 1.01607948e-01 -9.15500208e-03 
 1.01630623e-01 -8.89121969e-03 
 1.01653298e-01 -8.59086045e-03 
 1.01675973e-01 -8.25150841e-03 
 1.01698648e-01 -7.87640025e-03 
 1.01721323e-01 -7.46055780e-03 
 1.01743998e-01 -7.01292546e-03 
 1.01766673e-01 -6.52254514e-03 
 1.01789348e-01 -6.00229765e-03 
 1.01812023e-01 -5.44304714e-03 
 1.01834698e-01 -4.85212556e-03 
 1.01857373e-01 -4.23115876e-03 
 1.01880048e-01 -3.57653771e-03 
 1.01902723e-01 -2.89361737e-03 
 1.01925398e-01 -2.18322611e-03 
 1.01948073e-01 -1.45021103e-03 
 1.01970748e-01 -6.91265899e-04 
 1.01993423e-01  8.45803584e-05 
 1.02016098e-01  8.80748339e-04 
 1.02038773e-01  1.68688370e-03 
 1.02061448e-01  2.49882803e-03 
 1.02084123e-01  3.31468227e-03 
 1.02106798e-01  4.12242736e-03 
 1.02129473e-01  4.93260105e-03 
 1.02152148e-01  5.71440414e-03 
 1.02174823e-01  6.48534185e-03 
 1.02197498e-01  7.22511329e-03 
 1.02220173e-01  7.94065619e-03 
 1.02242848e-01  8.60984910e-03 
 1.02265523e-01  9.25303371e-03 
 1.02288198e-01  9.82744873e-03 
 1.02310873e-01  1.03605958e-02 
 1.02333548e-01  1.08304236e-02 
 1.02356223e-01  1.12302463e-02 
 1.02378898e-01  1.15642702e-02 
 1.02401573e-01  1.18263301e-02 
 1.02424248e-01  1.20107525e-02 
 1.02446923e-01  1.21209801e-02 
 1.02469598e-01  1.21511288e-02 
 1.02492273e-01  1.21016501e-02 
 1.02514948e-01  1.19764287e-02 
 1.02537623e-01  1.17738495e-02 
 1.02560298e-01  1.14955976e-02 
 1.02582973e-01  1.11411242e-02 
 1.02605648e-01  1.07256739e-02 
 1.02628323e-01  1.02377360e-02 
 1.02650998e-01  9.69508474e-03 
 1.02673673e-01  9.09761824e-03 
 1.02696348e-01  8.44776915e-03 
 1.02719023e-01  7.76255545e-03 
 1.02741698e-01  7.03308630e-03 
 1.02764373e-01  6.28200229e-03 
 1.02787048e-01  5.50362783e-03 
 1.02809723e-01  4.71070691e-03 
 1.02832398e-01  3.89677857e-03 
 1.02855073e-01  3.08080898e-03 
 1.02877748e-01  2.26131286e-03 
 1.02900423e-01  1.44562907e-03 
 1.02923098e-01  6.39724484e-04 
 1.02945773e-01 -1.56478850e-04 
 1.02968448e-01 -9.31441893e-04 
 1.02991123e-01 -1.68769376e-03 
 1.03013798e-01 -2.41821393e-03 
 1.03036473e-01 -3.12442227e-03 
 1.03059148e-01 -3.80007512e-03 
 1.03081823e-01 -4.44989507e-03 
 1.03104498e-01 -5.06367496e-03 
 1.03127173e-01 -5.64748731e-03 
 1.03149848e-01 -6.19373834e-03 
 1.03172523e-01 -6.70863954e-03 
 1.03195198e-01 -7.18326879e-03 
 1.03217873e-01 -7.62176589e-03 
 1.03240548e-01 -8.02467339e-03 
 1.03263223e-01 -8.38944031e-03 
 1.03285898e-01 -8.71436207e-03 
 1.03308573e-01 -9.00260267e-03 
 1.03331248e-01 -9.25042455e-03 
 1.03353923e-01 -9.46099391e-03 
 1.03376598e-01 -9.63053706e-03 
 1.03399273e-01 -9.76427613e-03 
 1.03421948e-01 -9.85701321e-03 
 1.03444623e-01 -9.91182668e-03 
 1.03467298e-01 -9.92540680e-03 
 1.03489973e-01 -9.90422321e-03 
 1.03512648e-01 -9.84332182e-03 
 1.03535323e-01 -9.73937032e-03 
 1.03557998e-01 -9.60342924e-03 
 1.03580673e-01 -9.42371303e-03 
 1.03603348e-01 -9.21023288e-03 
 1.03626023e-01 -8.95168177e-03 
 1.03648698e-01 -8.66176100e-03 
 1.03671373e-01 -8.33023907e-03 
 1.03694048e-01 -7.96150366e-03 
 1.03716723e-01 -7.55260079e-03 
 1.03739398e-01 -7.11243266e-03 
 1.03762073e-01 -6.63188616e-03 
 1.03784748e-01 -6.11557422e-03 
 1.03807423e-01 -5.56465838e-03 
 1.03830098e-01 -4.98117752e-03 
 1.03852773e-01 -4.36348109e-03 
 1.03875448e-01 -3.71634559e-03 
 1.03898123e-01 -3.04067089e-03 
 1.03920798e-01 -2.33414922e-03 
 1.03943473e-01 -1.60622855e-03 
 1.03966148e-01 -8.50417801e-04 
 1.03988823e-01 -7.67893384e-05 
 1.04011498e-01  7.13467140e-04 
 1.04034173e-01  1.51746721e-03 
 1.04056848e-01  2.32741807e-03 
 1.04079523e-01  3.14656006e-03 
 1.04102198e-01  3.95518182e-03 
 1.04124873e-01  4.76081758e-03 
 1.04147548e-01  5.55182619e-03 
 1.04170223e-01  6.32687253e-03 
 1.04192898e-01  7.07727770e-03 
 1.04215573e-01  7.79334214e-03 
 1.04238248e-01  8.47728742e-03 
 1.04260923e-01  9.12073748e-03 
 1.04283598e-01  9.71376988e-03 
 1.04306273e-01  1.02547125e-02 
 1.04328948e-01  1.07319739e-02 
 1.04351623e-01  1.11498602e-02 
 1.04374298e-01  1.14957447e-02 
 1.04396973e-01  1.17776288e-02 
 1.04419648e-01  1.19752896e-02 
 1.04442323e-01  1.21022750e-02 
 1.04464998e-01  1.21459590e-02 
 1.04487673e-01  1.21155388e-02 
 1.04510348e-01  1.20064022e-02 
 1.04533023e-01  1.18161502e-02 
 1.04555698e-01  1.15563462e-02 
 1.04578373e-01  1.12148123e-02 
 1.04601048e-01  1.08086329e-02 
 1.04623723e-01  1.03370630e-02 
 1.04646398e-01  9.80473860e-03 
 1.04669073e-01  9.21603083e-03 
 1.04691748e-01  8.57928741e-03 
 1.04714423e-01  7.90018349e-03 
 1.04737098e-01  7.17863696e-03 
 1.04759773e-01  6.43429213e-03 
 1.04782448e-01  5.65698033e-03 
 1.04805123e-01  4.86848013e-03 
 1.04827798e-01  4.05577566e-03 
 1.04850473e-01  3.24233277e-03 
 1.04873148e-01  2.42080189e-03 
 1.04895823e-01  1.60436639e-03 
 1.04918498e-01  7.97101455e-04 
 1.04941173e-01 -2.18844858e-06 
 1.04963848e-01 -7.79063252e-04 
 1.04986523e-01 -1.54360640e-03 
 1.05009198e-01 -2.27609642e-03 
 1.05031873e-01 -2.99099629e-03 
 1.05054548e-01 -3.67084833e-03 
 1.05077223e-01 -4.32662057e-03 
 1.05099898e-01 -4.94702625e-03 
 1.05122573e-01 -5.53669273e-03 
 1.05145248e-01 -6.09235458e-03 
 1.05167923e-01 -6.60947637e-03 
 1.05190598e-01 -7.09601793e-03 
 1.05213273e-01 -7.54023661e-03 
 1.05235948e-01 -7.95103251e-03 
 1.05258623e-01 -8.32422648e-03 
 1.05281298e-01 -8.65555524e-03 
 1.05303973e-01 -8.95399012e-03 
 1.05326648e-01 -9.20611736e-03 
 1.05349323e-01 -9.42612538e-03 
 1.05371998e-01 -9.60377224e-03 
 1.05394673e-01 -9.74679511e-03 
 1.05417348e-01 -9.84543836e-03 
 1.05440023e-01 -9.90904326e-03 
 1.05462698e-01 -9.93294595e-03 
 1.05485373e-01 -9.91697313e-03 
 1.05508048e-01 -9.86291786e-03 
 1.05530723e-01 -9.77129863e-03 
 1.05553398e-01 -9.63772391e-03 
 1.05576073e-01 -9.46692403e-03 
 1.05598748e-01 -9.26205133e-03 
 1.05621423e-01 -9.01288764e-03 
 1.05644098e-01 -8.72720686e-03 
 1.05666773e-01 -8.40544174e-03 
 1.05689448e-01 -8.04195982e-03 
 1.05712123e-01 -7.64572889e-03 
 1.05734798e-01 -7.20683841e-03 
 1.05757473e-01 -6.73651356e-03 
 1.05780148e-01 -6.22823002e-03 
 1.05802823e-01 -5.68306860e-03 
 1.05825498e-01 -5.10648730e-03 
 1.05848173e-01 -4.49773871e-03 
 1.05870848e-01 -3.85459488e-03 
 1.05893523e-01 -3.18157332e-03 
 1.05916198e-01 -2.48461552e-03 
 1.05938873e-01 -1.76074894e-03 
 1.05961548e-01 -1.01154460e-03 
 1.05984223e-01 -2.39824490e-04 
 1.06006898e-01  5.45641398e-04 
 1.06029573e-01  1.34674391e-03 
 1.06052248e-01  2.15703906e-03 
 1.06074923e-01  2.97057463e-03 
 1.06097598e-01  3.79036314e-03 
 1.06120273e-01  4.59116297e-03 
 1.06142948e-01  5.38978984e-03 
 1.06165623e-01  6.16325685e-03 
 1.06188298e-01  6.91837912e-03 
 1.06210973e-01  7.64560816e-03 
 1.06233648e-01  8.33519257e-03 
 1.06256323e-01  8.98781780e-03 
 1.06278998e-01  9.58774611e-03 
 1.06301673e-01  1.01460929e-02 
 1.06324348e-01  1.06344729e-02 
 1.06347023e-01  1.10668429e-02 
 1.06369698e-01  1.14287353e-02 
 1.06392373e-01  1.17192690e-02 
 1.06415048e-01  1.19364004e-02 
 1.06437723e-01  1.20802033e-02 
 1.06460398e-01  1.21351504e-02 
 1.06483073e-01  1.21277850e-02 
 1.06505748e-01  1.20257268e-02 
 1.06528423e-01  1.18556097e-02 
 1.06551098e-01  1.16072628e-02 
 1.06573773e-01  1.12841534e-02 
 1.06596448e-01  1.08938257e-02 
 1.06619123e-01  1.04335048e-02 
 1.06641798e-01  9.91667769e-03 
 1.06664473e-01  9.33378920e-03 
 1.06687148e-01  8.70602262e-03 
 1.06709823e-01  8.03828464e-03 
 1.06732498e-01  7.32014418e-03 
 1.06755173e-01  6.58368404e-03 
 1.06777848e-01  5.80937493e-03 
 1.06800523e-01  5.02234568e-03 
 1.06823198e-01  4.21460745e-03 
 1.06845873e-01  3.40280771e-03 
 1.06868548e-01  2.58511140e-03 
 1.06891223e-01  1.76601056e-03 
 1.06913898e-01  9.53691332e-04 
 1.06936573e-01  1.52757097e-04 
 1.06959248e-01 -6.30601054e-04 
 1.06981923e-01 -1.39436236e-03 
 1.07004598e-01 -2.13666214e-03 
 1.07027273e-01 -2.85209636e-03 
 1.07049948e-01 -3.54052524e-03 
 1.07072623e-01 -4.20075840e-03 
 1.07095298e-01 -4.82890164e-03 
 1.07117973e-01 -5.42511207e-03 
 1.07140648e-01 -5.98618753e-03 
 1.07163323e-01 -6.51395267e-03 
 1.07185998e-01 -7.00624420e-03 
 1.07208673e-01 -7.46005142e-03 
 1.07231348e-01 -7.87812150e-03 
 1.07254023e-01 -8.25440144e-03 
 1.07276698e-01 -8.59850000e-03 
 1.07299373e-01 -8.89975817e-03 
 1.07322048e-01 -9.16408961e-03 
 1.07344723e-01 -9.38890759e-03 
 1.07367398e-01 -9.57796370e-03 
 1.07390073e-01 -9.72216306e-03 
 1.07412748e-01 -9.83367766e-03 
 1.07435423e-01 -9.90245787e-03 
 1.07458098e-01 -9.93465645e-03 
 1.07480773e-01 -9.92741018e-03 
 1.07503448e-01 -9.88102228e-03 
 1.07526123e-01 -9.79620275e-03 
 1.07548798e-01 -9.67563020e-03 
 1.07571473e-01 -9.51030001e-03 
 1.07594148e-01 -9.31002049e-03 
 1.07616823e-01 -9.07141125e-03 
 1.07639498e-01 -8.79467529e-03 
 1.07662173e-01 -8.47854071e-03 
 1.07684848e-01 -8.12502865e-03 
 1.07707523e-01 -7.73268745e-03 
 1.07730198e-01 -7.30481945e-03 
 1.07752873e-01 -6.83978757e-03 
 1.07775548e-01 -6.33975510e-03 
 1.07798223e-01 -5.80048346e-03 
 1.07820898e-01 -5.23233376e-03 
 1.07843573e-01 -4.62636416e-03 
 1.07866248e-01 -3.99139642e-03 
 1.07888923e-01 -3.32758618e-03 
 1.07911598e-01 -2.63272043e-03 
 1.07934273e-01 -1.91565841e-03 
 1.07956948e-01 -1.16886430e-03 
 1.07979623e-01 -4.03067936e-04 
 1.08002298e-01  3.78985790e-04 
 1.08024973e-01  1.17940459e-03 
 1.08047648e-01  1.98988268e-03 
 1.08070323e-01  2.80160185e-03 
 1.08092998e-01  3.61752422e-03 
 1.08115673e-01  4.42625995e-03 
 1.08138348e-01  5.22389196e-03 
 1.08161023e-01  6.00616022e-03 
 1.08183698e-01  6.76250353e-03 
 1.08206373e-01  7.49362654e-03 
 1.08229048e-01  8.19437799e-03 
 1.08251723e-01  8.85513650e-03 
 1.08274398e-01  9.47079217e-03 
 1.08297073e-01  1.00315218e-02 
 1.08319748e-01  1.05351497e-02 
 1.08342423e-01  1.09827186e-02 
 1.08365098e-01  1.13572816e-02 
 1.08387773e-01  1.16621051e-02 
 1.08410448e-01  1.18944661e-02 
 1.08433123e-01  1.20499025e-02 
 1.08455798e-01  1.21276667e-02 
 1.08478473e-01  1.21275500e-02 
 1.08501148e-01  1.20512362e-02 
 1.08523823e-01  1.18890317e-02 
 1.08546498e-01  1.16579262e-02 
 1.08569173e-01  1.13510667e-02 
 1.08591848e-01  1.09730678e-02 
 1.08614523e-01  1.05271986e-02 
 1.08637198e-01  1.00164020e-02 
 1.08659873e-01  9.45329391e-03 
 1.08682548e-01  8.83364060e-03 
 1.08705223e-01  8.16829285e-03 
 1.08727898e-01  7.46203231e-03 
 1.08750573e-01  6.73026416e-03 
 1.08773248e-01  5.96363043e-03 
 1.08795923e-01  5.17835495e-03 
 1.08818598e-01  4.37868037e-03 
 1.08841273e-01  3.56087719e-03 
 1.08863948e-01  2.74647286e-03 
 1.08886623e-01  1.92694296e-03 
 1.08909298e-01  1.11568833e-03 
 1.08931973e-01  3.10126372e-04 
 1.08954648e-01 -4.75737892e-04 
 1.08977323e-01 -1.24623431e-03 
 1.08999998e-01 -1.99045756e-03 
 1.09000000e-01 -1.99359254e-03 
