 1.00004244e-01 -1.70221993e-03 
 1.00026919e-01  1.83411975e-03 
 1.00049594e-01  5.47512911e-03 
 1.00072269e-01  9.20681802e-03 
 1.00094944e-01  1.30251840e-02 
 1.00117619e-01  1.68964107e-02 
 1.00140294e-01  2.07345144e-02 
 1.00162969e-01  2.45701955e-02 
 1.00185644e-01  2.83621663e-02 
 1.00208319e-01  3.20257533e-02 
 1.00230994e-01  3.55544556e-02 
 1.00253669e-01  3.89083834e-02 
 1.00276344e-01  4.20602627e-02 
 1.00299019e-01  4.49522731e-02 
 1.00321694e-01  4.75896387e-02 
 1.00344369e-01  4.98763876e-02 
 1.00367044e-01  5.18214473e-02 
 1.00389719e-01  5.34307458e-02 
 1.00412394e-01  5.46212310e-02 
 1.00435069e-01  5.54423027e-02 
 1.00457744e-01  5.58065524e-02 
 1.00480419e-01  5.57767059e-02 
 1.00503094e-01  5.53166600e-02 
 1.00525769e-01  5.44319347e-02 
 1.00548444e-01  5.31612058e-02 
 1.00571119e-01  5.14732350e-02 
 1.00593794e-01  4.94285023e-02 
 1.00616469e-01  4.70296775e-02 
 1.00639144e-01  4.43277919e-02 
 1.00661819e-01  4.12962160e-02 
 1.00684494e-01  3.80403740e-02 
 1.00707169e-01  3.45490178e-02 
 1.00729844e-01  3.08929106e-02 
 1.00752519e-01  2.71024879e-02 
 1.00775194e-01  2.32137716e-02 
 1.00797869e-01  1.92750088e-02 
 1.00820544e-01  1.52998560e-02 
 1.00843219e-01  1.13435772e-02 
 1.00865894e-01  7.44186544e-03 
 1.00888569e-01  3.61416978e-03 
 1.00911244e-01 -9.56476165e-05 
 1.00933919e-01 -3.66251945e-03 
 1.00956594e-01 -7.08435503e-03 
 1.00979269e-01 -1.03411907e-02 
 1.01001944e-01 -1.34004428e-02 
 1.01024619e-01 -1.62746618e-02 
 1.01047294e-01 -1.89665463e-02 
 1.01069969e-01 -2.14552688e-02 
 1.01092644e-01 -2.37735570e-02 
 1.01115319e-01 -2.58972407e-02 
 1.01137994e-01 -2.78587044e-02 
 1.01160669e-01 -2.96216784e-02 
 1.01183344e-01 -3.12375151e-02 
 1.01206019e-01 -3.26842565e-02 
 1.01228694e-01 -3.39818094e-02 
 1.01251369e-01 -3.51314794e-02 
 1.01274044e-01 -3.61389506e-02 
 1.01296719e-01 -3.70181491e-02 
 1.01319394e-01 -3.77611791e-02 
 1.01342069e-01 -3.83915268e-02 
 1.01364744e-01 -3.88930472e-02 
 1.01387419e-01 -3.92780103e-02 
 1.01410094e-01 -3.95547687e-02 
 1.01432769e-01 -3.97157627e-02 
 1.01455444e-01 -3.97691874e-02 
 1.01478119e-01 -3.97156537e-02 
 1.01500794e-01 -3.95558825e-02 
 1.01523469e-01 -3.92842891e-02 
 1.01546144e-01 -3.89037891e-02 
 1.01568819e-01 -3.84142083e-02 
 1.01591494e-01 -3.78049410e-02 
 1.01614169e-01 -3.70793053e-02 
 1.01636844e-01 -3.62365757e-02 
 1.01659519e-01 -3.52663700e-02 
 1.01682194e-01 -3.41684197e-02 
 1.01704869e-01 -3.29317716e-02 
 1.01727544e-01 -3.15556248e-02 
 1.01750219e-01 -3.00344904e-02 
 1.01772894e-01 -2.83554003e-02 
 1.01795569e-01 -2.65217352e-02 
 1.01818244e-01 -2.45179162e-02 
 1.01840919e-01 -2.23636138e-02 
 1.01863594e-01 -2.00209411e-02 
 1.01886269e-01 -1.75142587e-02 
 1.01908944e-01 -1.48303689e-02 
 1.01931619e-01 -1.19741627e-02 
 1.01954294e-01 -8.94597850e-03 
 1.01976969e-01 -5.76016047e-03 
 1.01999644e-01 -2.40495099e-03 
 1.02022319e-01  1.09452893e-03 
 1.02044994e-01  4.72244324e-03 
 1.02067669e-01  8.43935712e-03 
 1.02090344e-01  1.22451044e-02 
 1.02113019e-01  1.60942738e-02 
 1.02135694e-01  1.99647678e-02 
 1.02158369e-01  2.38052100e-02 
 1.02181044e-01  2.76002888e-02 
 1.02203719e-01  3.12860466e-02 
 1.02226394e-01  3.48380211e-02 
 1.02249069e-01  3.82314852e-02 
 1.02271744e-01  4.14472609e-02 
 1.02294419e-01  4.43936209e-02 
 1.02317094e-01  4.70626946e-02 
 1.02339769e-01  4.94405976e-02 
 1.02362444e-01  5.14635485e-02 
 1.02385119e-01  5.31265041e-02 
 1.02407794e-01  5.44120966e-02 
 1.02430469e-01  5.52872797e-02 
 1.02453144e-01  5.57347627e-02 
 1.02475819e-01  5.58049031e-02 
 1.02498494e-01  5.54486155e-02 
 1.02521169e-01  5.46276728e-02 
 1.02543844e-01  5.34613478e-02 
 1.02566519e-01  5.18116738e-02 
 1.02589194e-01  4.98716315e-02 
 1.02611869e-01  4.75399591e-02 
 1.02634544e-01  4.48730458e-02 
 1.02657219e-01  4.19275929e-02 
 1.02679894e-01  3.87230966e-02 
 1.02702569e-01  3.52744347e-02 
 1.02725244e-01  3.16505176e-02 
 1.02747919e-01  2.78911856e-02 
 1.02770594e-01  2.39990093e-02 
 1.02793269e-01  2.00658412e-02 
 1.02815944e-01  1.60923612e-02 
 1.02838619e-01  1.21350420e-02 
 1.02861294e-01  8.22243816e-03 
 1.02883969e-01  4.38176011e-03 
 1.02906644e-01  6.42070922e-04 
 1.02929319e-01 -2.95098605e-03 
 1.02951994e-01 -6.40666070e-03 
 1.02974669e-01 -9.69406653e-03 
 1.02997344e-01 -1.28023061e-02 
 1.03020019e-01 -1.57155996e-02 
 1.03042694e-01 -1.84401051e-02 
 1.03065369e-01 -2.09709195e-02 
 1.03088044e-01 -2.33278457e-02 
 1.03110719e-01 -2.54945377e-02 
 1.03133394e-01 -2.74739297e-02 
 1.03156069e-01 -2.92886463e-02 
 1.03178744e-01 -3.09277491e-02 
 1.03201419e-01 -3.24117010e-02 
 1.03224094e-01 -3.37284639e-02 
 1.03246769e-01 -3.49148391e-02 
 1.03269444e-01 -3.59581948e-02 
 1.03292119e-01 -3.68589197e-02 
 1.03314794e-01 -3.76289490e-02 
 1.03337469e-01 -3.82779328e-02 
 1.03360144e-01 -3.88043423e-02 
 1.03382819e-01 -3.92177991e-02 
 1.03405494e-01 -3.95142379e-02 
 1.03428169e-01 -3.96968631e-02 
 1.03450844e-01 -3.97750950e-02 
 1.03473519e-01 -3.97457398e-02 
 1.03496194e-01 -3.96042497e-02 
 1.03518869e-01 -3.93531621e-02 
 1.03541544e-01 -3.89979421e-02 
 1.03564219e-01 -3.85341338e-02 
 1.03586894e-01 -3.79457728e-02 
 1.03609569e-01 -3.72451116e-02 
 1.03632244e-01 -3.64219683e-02 
 1.03654919e-01 -3.54815068e-02 
 1.03677594e-01 -3.44046643e-02 
 1.03700269e-01 -3.31997518e-02 
 1.03722944e-01 -3.18478087e-02 
 1.03745619e-01 -3.03542754e-02 
 1.03768294e-01 -2.87159303e-02 
 1.03790969e-01 -2.69127500e-02 
 1.03813644e-01 -2.49508378e-02 
 1.03836319e-01 -2.28194263e-02 
 1.03858994e-01 -2.05179600e-02 
 1.03881669e-01 -1.80480770e-02 
 1.03904344e-01 -1.53885282e-02 
 1.03927019e-01 -1.25749397e-02 
 1.03949694e-01 -9.57793369e-03 
 1.03972369e-01 -6.41970476e-03 
 1.03995044e-01 -3.09918877e-03 
 1.04017719e-01  3.73310942e-04 
 1.04040394e-01  3.96417526e-03 
 1.04063069e-01  7.67004784e-03 
 1.04085744e-01  1.14582177e-02 
 1.04108419e-01  1.53099326e-02 
 1.04131094e-01  1.91645386e-02 
 1.04153769e-01  2.30243858e-02 
 1.04176444e-01  2.68278786e-02 
 1.04199119e-01  3.05499298e-02 
 1.04221794e-01  3.41329289e-02 
 1.04244469e-01  3.75725221e-02 
 1.04267144e-01  4.07915635e-02 
 1.04289819e-01  4.38161705e-02 
 1.04312494e-01  4.65306498e-02 
 1.04335169e-01  4.89687173e-02 
 1.04357844e-01  5.10878505e-02 
 1.04380519e-01  5.28083276e-02 
 1.04403194e-01  5.41885649e-02 
 1.04425869e-01  5.51461154e-02 
 1.04448544e-01  5.56918452e-02 
 1.04471219e-01  5.58154636e-02 
 1.04493894e-01  5.55586863e-02 
 1.04516569e-01  5.48323482e-02 
 1.04539244e-01  5.37081229e-02 
 1.04561919e-01  5.21869617e-02 
 1.04584594e-01  5.02972338e-02 
 1.04607269e-01  4.80418170e-02 
 1.04629944e-01  4.54380771e-02 
 1.04652619e-01  4.25459516e-02 
 1.04675294e-01  3.93769763e-02 
 1.04697969e-01  3.59760892e-02 
 1.04720644e-01  3.23907788e-02 
 1.04743319e-01  2.86432889e-02 
 1.04765994e-01  2.48096897e-02 
 1.04788669e-01  2.08554309e-02 
 1.04811344e-01  1.69134493e-02 
 1.04834019e-01  1.29207740e-02 
 1.04856694e-01  9.01534832e-03 
 1.04879369e-01  5.15686002e-03 
 1.04902044e-01  1.38868167e-03 
 1.04924719e-01 -2.24667988e-03 
 1.04947394e-01 -5.73279918e-03 
 1.04970069e-01 -9.05403103e-03 
 1.04992744e-01 -1.21902649e-02 
 1.05015419e-01 -1.51400480e-02 
 1.05038094e-01 -1.79016291e-02 
 1.05060769e-01 -2.04812552e-02 
 1.05083444e-01 -2.28649458e-02 
 1.05106119e-01 -2.50711950e-02 
 1.05128794e-01 -2.70913519e-02 
 1.05151469e-01 -2.89388644e-02 
 1.05174144e-01 -3.06146106e-02 
 1.05196819e-01 -3.21250193e-02 
 1.05219494e-01 -3.34828465e-02 
 1.05242169e-01 -3.46961719e-02 
 1.05264844e-01 -3.57629951e-02 
 1.05287519e-01 -3.66864482e-02 
 1.05310194e-01 -3.74881992e-02 
 1.05332869e-01 -3.81613062e-02 
 1.05355544e-01 -3.87156482e-02 
 1.05378219e-01 -3.91484005e-02 
 1.05400894e-01 -3.94669521e-02 
 1.05423569e-01 -3.96764840e-02 
 1.05446244e-01 -3.97736140e-02 
 1.05468919e-01 -3.97657521e-02 
 1.05491594e-01 -3.96465227e-02 
 1.05514269e-01 -3.94226023e-02 
 1.05536944e-01 -3.90847799e-02 
 1.05559619e-01 -3.86371173e-02 
 1.05582294e-01 -3.80819215e-02 
 1.05604969e-01 -3.74039730e-02 
 1.05627644e-01 -3.66100372e-02 
 1.05650319e-01 -3.56850755e-02 
 1.05672994e-01 -3.46390142e-02 
 1.05695669e-01 -3.34592395e-02 
 1.05718344e-01 -3.21412487e-02 
 1.05741019e-01 -3.06759896e-02 
 1.05763694e-01 -2.90712344e-02 
 1.05786369e-01 -2.72923408e-02 
 1.05809044e-01 -2.53683593e-02 
 1.05831719e-01 -2.32685989e-02 
 1.05854394e-01 -2.10117726e-02 
 1.05877069e-01 -1.85619359e-02 
 1.05899744e-01 -1.59640462e-02 
 1.05922419e-01 -1.31624370e-02 
 1.05945094e-01 -1.02152074e-02 
 1.05967769e-01 -7.07689794e-03 
 1.05990444e-01 -3.79902409e-03 
 1.06013119e-01 -3.48902432e-04 
 1.06035794e-01  3.22117686e-03 
 1.06058469e-01  6.91823030e-03 
 1.06081144e-01  1.06848066e-02 
 1.06103819e-01  1.45262216e-02 
 1.06126494e-01  1.83698948e-02 
 1.06149169e-01  2.22375192e-02 
 1.06171844e-01  2.60563747e-02 
 1.06194519e-01  2.97773629e-02 
 1.06217194e-01  3.34250467e-02 
 1.06239869e-01  3.68571221e-02 
 1.06262544e-01  4.01599314e-02 
 1.06285219e-01  4.32030728e-02 
 1.06307894e-01  4.60017212e-02 
 1.06330569e-01  4.84963298e-02 
 1.06353244e-01  5.06818499e-02 
 1.06375919e-01  5.24895067e-02 
 1.06398594e-01  5.39261877e-02 
 1.06421269e-01  5.49719138e-02 
 1.06443944e-01  5.56136971e-02 
 1.06466619e-01  5.58218113e-02 
 1.06489294e-01  5.56343061e-02 
 1.06511969e-01  5.50057101e-02 
 1.06534644e-01  5.39789450e-02 
 1.06557319e-01  5.25295581e-02 
 1.06579994e-01  5.07062834e-02 
 1.06602669e-01  4.85209600e-02 
 1.06625344e-01  4.59958942e-02 
 1.06648019e-01  4.31518713e-02 
 1.06670694e-01  4.00381996e-02 
 1.06693369e-01  3.66809859e-02 
 1.06716044e-01  3.31400763e-02 
 1.06738719e-01  2.94068756e-02 
 1.06761394e-01  2.55844674e-02 
 1.06784069e-01  2.16633098e-02 
 1.06806744e-01  1.77010504e-02 
 1.06829419e-01  1.37313255e-02 
 1.06852094e-01  9.78962785e-03 
 1.06874769e-01  5.91740443e-03 
 1.06897444e-01  2.13927445e-03 
 1.06920119e-01 -1.51540652e-03 
 1.06942794e-01 -5.03936556e-03 
 1.06965469e-01 -8.39085393e-03 
 1.06988144e-01 -1.15747830e-02 
 1.07010819e-01 -1.45659637e-02 
 1.07033494e-01 -1.73644870e-02 
 1.07056169e-01 -1.99779445e-02 
 1.07078844e-01 -2.24031766e-02 
 1.07101519e-01 -2.46470569e-02 
 1.07124194e-01 -2.66953521e-02 
 1.07146869e-01 -2.85800701e-02 
 1.07169544e-01 -3.02891460e-02 
 1.07192219e-01 -3.18395698e-02 
 1.07214894e-01 -3.32302177e-02 
 1.07237569e-01 -3.44622870e-02 
 1.07260244e-01 -3.55589703e-02 
 1.07282919e-01 -3.65175278e-02 
 1.07305594e-01 -3.73402290e-02 
 1.07328269e-01 -3.80378357e-02 
 1.07350944e-01 -3.86171334e-02 
 1.07373619e-01 -3.90699721e-02 
 1.07396294e-01 -3.94158752e-02 
 1.07418969e-01 -3.96457026e-02 
 1.07441644e-01 -3.97701984e-02 
 1.07464319e-01 -3.97798509e-02 
 1.07486994e-01 -3.96857167e-02 
 1.07509669e-01 -3.94818571e-02 
 1.07532344e-01 -3.91661727e-02 
 1.07555019e-01 -3.87457512e-02 
 1.07577694e-01 -3.82059628e-02 
 1.07600369e-01 -3.75575556e-02 
 1.07623044e-01 -3.67809668e-02 
 1.07645719e-01 -3.58923359e-02 
 1.07668394e-01 -3.48668193e-02 
 1.07691069e-01 -3.37206246e-02 
 1.07713744e-01 -3.24268730e-02 
 1.07736419e-01 -3.09932929e-02 
 1.07759094e-01 -2.94095204e-02 
 1.07781769e-01 -2.76702675e-02 
 1.07804444e-01 -2.57777334e-02 
 1.07827119e-01 -2.37095986e-02 
 1.07849794e-01 -2.14902498e-02 
 1.07872469e-01 -1.90741389e-02 
 1.07895144e-01 -1.65087967e-02 
 1.07917819e-01 -1.37397817e-02 
 1.07940494e-01 -1.08291874e-02 
 1.07963169e-01 -7.73658694e-03 
 1.07985844e-01 -4.47829960e-03 
 1.08008519e-01 -1.06099716e-03 
 1.08031194e-01  2.48109214e-03 
 1.08053869e-01  6.14483432e-03 
 1.08076544e-01  9.90356849e-03 
 1.08099219e-01  1.37296426e-02 
 1.08121894e-01  1.75840578e-02 
 1.08144569e-01  2.14546406e-02 
 1.08167244e-01  2.52855635e-02 
 1.08189919e-01  2.90412804e-02 
 1.08212594e-01  3.26733503e-02 
 1.08235269e-01  3.61907398e-02 
 1.08257944e-01  3.95124631e-02 
 1.08280619e-01  4.26146746e-02 
 1.08303294e-01  4.54411008e-02 
 1.08325969e-01  4.80093224e-02 
 1.08348644e-01  5.02591202e-02 
 1.08371319e-01  5.21331901e-02 
 1.08393994e-01  5.36626181e-02 
 1.08416669e-01  5.47897615e-02 
 1.08439344e-01  5.54955270e-02 
 1.08462019e-01  5.58110396e-02 
 1.08484694e-01  5.56949969e-02 
 1.08507369e-01  5.51581284e-02 
 1.08530044e-01  5.42033946e-02 
 1.08552719e-01  5.28532754e-02 
 1.08575394e-01  5.10975061e-02 
 1.08598069e-01  4.89928005e-02 
 1.08620744e-01  4.65075295e-02 
 1.08643419e-01  4.37592981e-02 
 1.08666094e-01  4.06934251e-02 
 1.08688769e-01  3.73693302e-02 
 1.08711444e-01  3.38538058e-02 
 1.08734119e-01  3.01795805e-02 
 1.08756794e-01  2.63475262e-02 
 1.08779469e-01  2.24673864e-02 
 1.08802144e-01  1.84861210e-02 
 1.08824819e-01  1.45333349e-02 
 1.08847494e-01  1.05939390e-02 
 1.08870169e-01  6.69808804e-03 
 1.08892844e-01  2.88775081e-03 
 1.08915519e-01 -7.90777343e-04 
 1.08938194e-01 -4.34095062e-03 
 1.08960869e-01 -7.72944053e-03 
 1.08983544e-01 -1.09498951e-02 
 1.09000000e-01 -1.31596638e-02 
