 1.00013198e-01  6.26045459e-04 
 1.00035873e-01  2.58183437e-03 
 1.00058548e-01  4.54519521e-03 
 1.00081223e-01  6.44112161e-03 
 1.00103898e-01  8.20064519e-03 
 1.00126573e-01  9.73010096e-03 
 1.00149248e-01  1.09533786e-02 
 1.00171923e-01  1.17951379e-02 
 1.00194598e-01  1.22167608e-02 
 1.00217273e-01  1.21731179e-02 
 1.00239948e-01  1.16845087e-02 
 1.00262623e-01  1.07752877e-02 
 1.00285298e-01  9.49346773e-03 
 1.00307973e-01  7.91208216e-03 
 1.00330648e-01  6.12180602e-03 
 1.00353323e-01  4.19846733e-03 
 1.00375998e-01  2.22260385e-03 
 1.00398673e-01  2.67633842e-04 
 1.00421348e-01 -1.60008912e-03 
 1.00444023e-01 -3.32785705e-03 
 1.00466698e-01 -4.89622860e-03 
 1.00489373e-01 -6.27168145e-03 
 1.00512048e-01 -7.44095065e-03 
 1.00534723e-01 -8.39960397e-03 
 1.00557398e-01 -9.13144924e-03 
 1.00580073e-01 -9.64278335e-03 
 1.00602748e-01 -9.92572945e-03 
 1.00625423e-01 -9.98724888e-03 
 1.00648098e-01 -9.82202822e-03 
 1.00670773e-01 -9.43485685e-03 
 1.00693448e-01 -8.82210873e-03 
 1.00716123e-01 -7.98694030e-03 
 1.00738798e-01 -6.93875425e-03 
 1.00761473e-01 -5.67600028e-03 
 1.00784148e-01 -4.21918623e-03 
 1.00806823e-01 -2.58667878e-03 
 1.00829498e-01 -7.96793166e-04 
 1.00852173e-01  1.10545344e-03 
 1.00874848e-01  3.07031200e-03 
 1.00897523e-01  5.02918277e-03 
 1.00920198e-01  6.89446857e-03 
 1.00942873e-01  8.60463029e-03 
 1.00965548e-01  1.00620399e-02 
 1.00988223e-01  1.11983310e-02 
 1.01010898e-01  1.19430431e-02 
 1.01033573e-01  1.22436918e-02 
 1.01056248e-01  1.20957491e-02 
 1.01078923e-01  1.14968162e-02 
 1.01101598e-01  1.04884458e-02 
 1.01124273e-01  9.12265501e-03 
 1.01146948e-01  7.48101910e-03 
 1.01169623e-01  5.65020848e-03 
 1.01192298e-01  3.70491036e-03 
 1.01214973e-01  1.72822934e-03 
 1.01237648e-01 -2.10629332e-04 
 1.01260323e-01 -2.04750540e-03 
 1.01282998e-01 -3.73670482e-03 
 1.01305673e-01 -5.25838551e-03 
 1.01328348e-01 -6.58412767e-03 
 1.01351023e-01 -7.70090656e-03 
 1.01373698e-01 -8.60305734e-03 
 1.01396373e-01 -9.28121800e-03 
 1.01419048e-01 -9.73693104e-03 
 1.01441723e-01 -9.96628654e-03 
 1.01464398e-01 -9.96908466e-03 
 1.01487073e-01 -9.75021969e-03 
 1.01509748e-01 -9.30485163e-03 
 1.01532423e-01 -8.63761472e-03 
 1.01555098e-01 -7.74973981e-03 
 1.01577773e-01 -6.64760106e-03 
 1.01600448e-01 -5.33340497e-03 
 1.01623123e-01 -3.83360101e-03 
 1.01645798e-01 -2.15395371e-03 
 1.01668473e-01 -3.36939239e-04 
 1.01691148e-01  1.58982167e-03 
 1.01713823e-01  3.55789325e-03 
 1.01736498e-01  5.50226641e-03 
 1.01759173e-01  7.33768940e-03 
 1.01781848e-01  8.98832691e-03 
 1.01804523e-01  1.03802020e-02 
 1.01827198e-01  1.14179479e-02 
 1.01849873e-01  1.20567371e-02 
 1.01872548e-01  1.22464226e-02 
 1.01895223e-01  1.19860272e-02 
 1.01917898e-01  1.12774917e-02 
 1.01940573e-01  1.01771921e-02 
 1.01963248e-01  8.73225760e-03 
 1.01985923e-01  7.04080381e-03 
 1.02008598e-01  5.16830463e-03 
 1.02031273e-01  3.21052848e-03 
 1.02053948e-01  1.23812447e-03 
 1.02076623e-01 -6.80586817e-04 
 1.02099298e-01 -2.48191168e-03 
 1.02121973e-01 -4.13731501e-03 
 1.02144648e-01 -5.60771010e-03 
 1.02167323e-01 -6.88437686e-03 
 1.02189998e-01 -7.94931886e-03 
 1.02212673e-01 -8.79474040e-03 
 1.02235348e-01 -9.41750914e-03 
 1.02258023e-01 -9.81727004e-03 
 1.02280698e-01 -9.98984572e-03 
 1.02303373e-01 -9.93838151e-03 
 1.02326048e-01 -9.66155196e-03 
 1.02348723e-01 -9.16123466e-03 
 1.02371398e-01 -8.44005870e-03 
 1.02394073e-01 -7.49799014e-03 
 1.02416748e-01 -6.34162822e-03 
 1.02439423e-01 -4.98109589e-03 
 1.02462098e-01 -3.43055511e-03 
 1.02484773e-01 -1.71887945e-03 
 1.02507448e-01  1.33576789e-04 
 1.02530123e-01  2.07563772e-03 
 1.02552798e-01  4.04537031e-03 
 1.02575473e-01  5.96503892e-03 
 1.02598148e-01  7.76688798e-03 
 1.02620823e-01  9.35976546e-03 
 1.02643498e-01  1.06696148e-02 
 1.02666173e-01  1.16134706e-02 
 1.02688848e-01  1.21459398e-02 
 1.02711523e-01  1.22209135e-02 
 1.02734198e-01  1.18493856e-02 
 1.02756873e-01  1.10349907e-02 
 1.02779548e-01  9.84598556e-03 
 1.02802223e-01  8.32634883e-03 
 1.02824898e-01  6.58252468e-03 
 1.02847573e-01  4.68783670e-03 
 1.02870248e-01  2.71480272e-03 
 1.02892923e-01  7.51551402e-04 
 1.02915598e-01 -1.14355682e-03 
 1.02938273e-01 -2.91154659e-03 
 1.02960948e-01 -4.52232381e-03 
 1.02983623e-01 -5.94776056e-03 
 1.03006298e-01 -7.17464033e-03 
 1.03028973e-01 -8.18325906e-03 
 1.03051648e-01 -8.97177950e-03 
 1.03074323e-01 -9.54168406e-03 
 1.03096998e-01 -9.88105947e-03 
 1.03119673e-01 -1.00003893e-02 
 1.03142348e-01 -9.89270195e-03 
 1.03165023e-01 -9.56167360e-03 
 1.03187698e-01 -9.00560456e-03 
 1.03210373e-01 -8.22918470e-03 
 1.03233048e-01 -7.23248968e-03 
 1.03255723e-01 -6.02267408e-03 
 1.03278398e-01 -4.61327255e-03 
 1.03301073e-01 -3.02183970e-03 
 1.03323748e-01 -1.26927238e-03 
 1.03346423e-01  6.08079449e-04 
 1.03369098e-01  2.56471163e-03 
 1.03391773e-01  4.53130866e-03 
 1.03414448e-01  6.42558190e-03 
 1.03437123e-01  8.18474701e-03 
 1.03459798e-01  9.71736644e-03 
 1.03482473e-01  1.09394143e-02 
 1.03505148e-01  1.17840325e-02 
 1.03527823e-01  1.22067328e-02 
 1.03550498e-01  1.21671813e-02 
 1.03573173e-01  1.16849064e-02 
 1.03595848e-01  1.07709500e-02 
 1.03618523e-01  9.49067036e-03 
 1.03641198e-01  7.91113839e-03 
 1.03663873e-01  6.12128675e-03 
 1.03686548e-01  4.19836430e-03 
 1.03709223e-01  2.22192321e-03 
 1.03731898e-01  2.68092733e-04 
 1.03754573e-01 -1.59791573e-03 
 1.03777248e-01 -3.33222426e-03 
 1.03799923e-01 -4.89707954e-03 
 1.03822598e-01 -6.27352106e-03 
 1.03845273e-01 -7.44565643e-03 
 1.03867948e-01 -8.40160637e-03 
 1.03890623e-01 -9.13826023e-03 
 1.03913298e-01 -9.64795219e-03 
 1.03935973e-01 -9.93614595e-03 
 1.03958648e-01 -9.99625700e-03 
 1.03981323e-01 -9.83250209e-03 
 1.04003998e-01 -9.44347197e-03 
 1.04026673e-01 -8.83436613e-03 
 1.04049348e-01 -8.00273888e-03 
 1.04072023e-01 -6.95235773e-03 
 1.04094698e-01 -5.69361560e-03 
 1.04117373e-01 -4.23498671e-03 
 1.04140048e-01 -2.60386255e-03 
 1.04162723e-01 -8.13963242e-04 
 1.04185398e-01  1.08682946e-03 
 1.04208073e-01  3.04974284e-03 
 1.04230748e-01  5.00826585e-03 
 1.04253423e-01  6.88002785e-03 
 1.04276098e-01  8.58486871e-03 
 1.04298773e-01  1.00466896e-02 
 1.04321448e-01  1.11827747e-02 
 1.04344123e-01  1.19277608e-02 
 1.04366798e-01  1.22384035e-02 
 1.04389473e-01  1.20880341e-02 
 1.04412148e-01  1.14912410e-02 
 1.04434823e-01  1.04809608e-02 
 1.04457498e-01  9.12413681e-03 
 1.04480173e-01  7.47630823e-03 
 1.04502848e-01  5.65124117e-03 
 1.04525523e-01  3.70524345e-03 
 1.04548198e-01  1.72969757e-03 
 1.04570873e-01 -2.08647266e-04 
 1.04593548e-01 -2.04692594e-03 
 1.04616223e-01 -3.73799925e-03 
 1.04638898e-01 -5.26077860e-03 
 1.04661573e-01 -6.58528188e-03 
 1.04684248e-01 -7.70699841e-03 
 1.04706923e-01 -8.60774080e-03 
 1.04729598e-01 -9.28756003e-03 
 1.04752273e-01 -9.74429652e-03 
 1.04774948e-01 -9.97575426e-03 
 1.04797623e-01 -9.97869345e-03 
 1.04820298e-01 -9.76054285e-03 
 1.04842973e-01 -9.31637364e-03 
 1.04865648e-01 -8.65077415e-03 
 1.04888323e-01 -7.76449070e-03 
 1.04910998e-01 -6.65951898e-03 
 1.04933673e-01 -5.35058128e-03 
 1.04956348e-01 -3.84651687e-03 
 1.04979023e-01 -2.17388505e-03 
 1.05001698e-01 -3.52353777e-04 
 1.05024373e-01  1.57263894e-03 
 1.05047048e-01  3.54088005e-03 
 1.05069723e-01  5.48464220e-03 
 1.05092398e-01  7.32050714e-03 
 1.05115073e-01  8.97081318e-03 
 1.05137748e-01  1.03679040e-02 
 1.05160423e-01  1.14046348e-02 
 1.05183098e-01  1.20466491e-02 
 1.05205773e-01  1.22358709e-02 
 1.05228448e-01  1.19798963e-02 
 1.05251123e-01  1.12749609e-02 
 1.05273798e-01  1.01714331e-02 
 1.05296473e-01  8.73268354e-03 
 1.05319148e-01  7.03809428e-03 
 1.05341823e-01  5.16975439e-03 
 1.05364498e-01  3.21420842e-03 
 1.05387173e-01  1.23601268e-03 
 1.05409848e-01 -6.77569961e-04 
 1.05432523e-01 -2.48336253e-03 
 1.05455198e-01 -4.13770512e-03 
 1.05477873e-01 -5.61153323e-03 
 1.05500548e-01 -6.88690284e-03 
 1.05523223e-01 -7.95249914e-03 
 1.05545898e-01 -8.80251032e-03 
 1.05568573e-01 -9.42281163e-03 
 1.05591248e-01 -9.82369615e-03 
 1.05613923e-01 -9.99829411e-03 
 1.05636598e-01 -9.94689912e-03 
 1.05659273e-01 -9.67374613e-03 
 1.05681948e-01 -9.17452651e-03 
 1.05704623e-01 -8.45334045e-03 
 1.05727298e-01 -7.50883777e-03 
 1.05749973e-01 -6.35681411e-03 
 1.05772648e-01 -4.99495082e-03 
 1.05795323e-01 -3.44861196e-03 
 1.05817998e-01 -1.73544592e-03 
 1.05840673e-01  1.18083180e-04 
 1.05863348e-01  2.05853112e-03 
 1.05886023e-01  4.02506717e-03 
 1.05908698e-01  5.95377525e-03 
 1.05931373e-01  7.74418463e-03 
 1.05954048e-01  9.34915246e-03 
 1.05976723e-01  1.06537322e-02 
 1.05999398e-01  1.16075445e-02 
 1.06022073e-01  1.21312405e-02 
 1.06044748e-01  1.22174018e-02 
 1.06067423e-01  1.18410252e-02 
 1.06090098e-01  1.10301079e-02 
 1.06112773e-01  9.84288304e-03 
 1.06135448e-01  8.32635767e-03 
 1.06158123e-01  6.58682148e-03 
 1.06180798e-01  4.68562771e-03 
 1.06203473e-01  2.71841414e-03 
 1.06226148e-01  7.50089885e-04 
 1.06248823e-01 -1.14318183e-03 
 1.06271498e-01 -2.91230949e-03 
 1.06294173e-01 -4.52295099e-03 
 1.06316848e-01 -5.94830264e-03 
 1.06339523e-01 -7.17370430e-03 
 1.06362198e-01 -8.18583408e-03 
 1.06384873e-01 -8.97804039e-03 
 1.06407548e-01 -9.54550192e-03 
 1.06430223e-01 -9.89125161e-03 
 1.06452898e-01 -1.00085906e-02 
 1.06475573e-01 -9.90084283e-03 
 1.06498248e-01 -9.57116894e-03 
 1.06520923e-01 -9.01537166e-03 
 1.06543598e-01 -8.24087553e-03 
 1.06566273e-01 -7.24575183e-03 
 1.06588948e-01 -6.03759584e-03 
 1.06611623e-01 -4.62918506e-03 
 1.06634298e-01 -3.03850320e-03 
 1.06656973e-01 -1.28769168e-03 
 1.06679648e-01  5.89207575e-04 
 1.06702323e-01  2.54445801e-03 
 1.06724998e-01  4.51089498e-03 
 1.06747673e-01  6.41157544e-03 
 1.06770348e-01  8.16438309e-03 
 1.06793023e-01  9.69791107e-03 
 1.06815698e-01  1.09267493e-02 
 1.06838373e-01  1.17717209e-02 
 1.06861048e-01  1.21963463e-02 
 1.06883723e-01  1.21589482e-02 
 1.06906398e-01  1.16784813e-02 
 1.06929073e-01  1.07709519e-02 
 1.06951748e-01  9.48860074e-03 
 1.06974423e-01  7.91365933e-03 
 1.06997098e-01  6.11915280e-03 
 1.07019773e-01  4.19963632e-03 
 1.07042448e-01  2.22139073e-03 
 1.07065123e-01  2.66595328e-04 
 1.07087798e-01 -1.59873845e-03 
 1.07110473e-01 -3.33084566e-03 
 1.07133148e-01 -4.89825173e-03 
 1.07155823e-01 -6.27617216e-03 
 1.07178498e-01 -7.44930896e-03 
 1.07201173e-01 -8.40672920e-03 
 1.07223848e-01 -9.14202734e-03 
 1.07246523e-01 -9.65581996e-03 
 1.07269198e-01 -9.94152691e-03 
 1.07291873e-01 -1.00055464e-02 
 1.07314548e-01 -9.84260401e-03 
 1.07337223e-01 -9.45690762e-03 
 1.07359898e-01 -8.84545496e-03 
 1.07382573e-01 -8.01546779e-03 
 1.07405248e-01 -6.96507138e-03 
 1.07427923e-01 -5.70889189e-03 
 1.07450598e-01 -4.25194878e-03 
 1.07473273e-01 -2.61717575e-03 
 1.07495948e-01 -8.34605432e-04 
 1.07518623e-01  1.07230664e-03 
 1.07541298e-01  3.03505164e-03 
 1.07563973e-01  4.98758349e-03 
 1.07586648e-01  6.86124464e-03 
 1.07609323e-01  8.56569093e-03 
 1.07631998e-01  1.00378887e-02 
 1.07654673e-01  1.11716707e-02 
 1.07677348e-01  1.19178476e-02 
 1.07700023e-01  1.22272136e-02 
 1.07722698e-01  1.20817922e-02 
 1.07745373e-01  1.14867585e-02 
 1.07768048e-01  1.04809927e-02 
 1.07790723e-01  9.12012243e-03 
 1.07813398e-01  7.47747165e-03 
 1.07836073e-01  5.65422490e-03 
 1.07858748e-01  3.70545993e-03 
 1.07881423e-01  1.73083099e-03 
 1.07904098e-01 -2.10698171e-04 
 1.07926773e-01 -2.04306341e-03 
 1.07949448e-01 -3.73890218e-03 
 1.07972123e-01 -5.26001174e-03 
 1.07994798e-01 -6.59064415e-03 
 1.08017473e-01 -7.71052242e-03 
 1.08040148e-01 -8.61090425e-03 
 1.08062823e-01 -9.29305805e-03 
 1.08085498e-01 -9.74959495e-03 
 1.08108173e-01 -9.98221460e-03 
 1.08130848e-01 -9.98668834e-03 
 1.08153523e-01 -9.76872622e-03 
 1.08176198e-01 -9.32818583e-03 
 1.08198873e-01 -8.66342273e-03 
 1.08221548e-01 -7.77526866e-03 
 1.08244223e-01 -6.67478310e-03 
 1.08266898e-01 -5.36523327e-03 
 1.08289573e-01 -3.86326577e-03 
 1.08312248e-01 -2.19112604e-03 
 1.08334923e-01 -3.69691333e-04 
 1.08357598e-01  1.55268550e-03 
 1.08380273e-01  3.52564057e-03 
 1.08402948e-01  5.46149784e-03 
 1.08425623e-01  7.30548929e-03 
 1.08448298e-01  8.95555754e-03 
 1.08470973e-01  1.03521848e-02 
 1.08493648e-01  1.13907075e-02 
 1.08516323e-01  1.20371708e-02 
 1.08538998e-01  1.22290053e-02 
 1.08561673e-01  1.19718903e-02 
 1.08584348e-01  1.12722801e-02 
 1.08607023e-01  1.01672786e-02 
 1.08629698e-01  8.73241450e-03 
 1.08652373e-01  7.03602794e-03 
 1.08675048e-01  5.17338755e-03 
 1.08697723e-01  3.21442473e-03 
 1.08720398e-01  1.23936836e-03 
 1.08743073e-01 -6.79247559e-04 
 1.08765748e-01 -2.48675678e-03 
 1.08788423e-01 -4.13609621e-03 
 1.08811098e-01 -5.61092022e-03 
 1.08833773e-01 -6.89082712e-03 
 1.08856448e-01 -7.95596250e-03 
 1.08879123e-01 -8.80454872e-03 
 1.08901798e-01 -9.42986902e-03 
 1.08924473e-01 -9.83134386e-03 
 1.08947148e-01 -1.00067231e-02 
 1.08969823e-01 -9.95427905e-03 
 1.08992498e-01 -9.68227496e-03 
 1.09000000e-01 -9.54121161e-03 
