 1.00018099e-01 -1.53512269e-01 
 1.00040774e-01 -1.12945393e-01 
 1.00063449e-01  4.24136692e-02 
 1.00086124e-01  2.18174056e-01 
 1.00108799e-01  3.32071088e-01 
 1.00131474e-01  3.34836070e-01 
 1.00154149e-01  3.35631923e-01 
 1.00176824e-01  3.35824605e-01 
 1.00199499e-01  3.35714870e-01 
 1.00222174e-01  3.35496754e-01 
 1.00244849e-01  3.35123451e-01 
 1.00267524e-01  3.34498071e-01 
 1.00290199e-01  3.33374787e-01 
 1.00312874e-01  3.28632151e-01 
 1.00335549e-01  1.86182222e-01 
 1.00358224e-01  6.32104216e-03 
 1.00380899e-01 -1.34478334e-01 
 1.00403574e-01 -1.56490835e-01 
 1.00426249e-01 -1.56906640e-01 
 1.00448924e-01 -1.56941869e-01 
 1.00471599e-01 -1.56921249e-01 
 1.00494274e-01 -1.56875175e-01 
 1.00516949e-01 -1.56819710e-01 
 1.00539624e-01 -1.56759007e-01 
 1.00562299e-01 -1.56694692e-01 
 1.00584974e-01 -1.56627567e-01 
 1.00607649e-01 -1.56558247e-01 
 1.00630324e-01 -1.56486887e-01 
 1.00652999e-01 -1.56413528e-01 
 1.00675674e-01 -1.56337896e-01 
 1.00698349e-01 -1.56259456e-01 
 1.00721024e-01 -1.56177152e-01 
 1.00743699e-01 -1.56089023e-01 
 1.00766374e-01 -1.55990985e-01 
 1.00789049e-01 -1.55873398e-01 
 1.00811724e-01 -1.55702345e-01 
 1.00834399e-01 -1.55309872e-01 
 1.00857074e-01 -1.51291867e-01 
 1.00879749e-01 -8.45027291e-02 
 1.00902424e-01  8.85541095e-02 
 1.00925099e-01  2.57108106e-01 
 1.00947774e-01  3.33467997e-01 
 1.00970449e-01  3.35126447e-01 
 1.00993124e-01  3.35458449e-01 
 1.01015799e-01  3.35591810e-01 
 1.01038474e-01  3.35530954e-01 
 1.01061149e-01  3.35292672e-01 
 1.01083824e-01  3.34863368e-01 
 1.01106499e-01  3.34147209e-01 
 1.01129174e-01  3.32801634e-01 
 1.01151849e-01  3.05765133e-01 
 1.01174524e-01  1.42572026e-01 
 1.01197199e-01 -3.70580601e-02 
 1.01219874e-01 -1.48589911e-01 
 1.01242549e-01 -1.56851164e-01 
 1.01265224e-01 -1.57055367e-01 
 1.01287899e-01 -1.57073015e-01 
 1.01310574e-01 -1.57044567e-01 
 1.01333249e-01 -1.56995580e-01 
 1.01355924e-01 -1.56938406e-01 
 1.01378599e-01 -1.56876723e-01 
 1.01401274e-01 -1.56811519e-01 
 1.01423949e-01 -1.56743798e-01 
 1.01446624e-01 -1.56673866e-01 
 1.01469299e-01 -1.56601986e-01 
 1.01491974e-01 -1.56528014e-01 
 1.01514649e-01 -1.56451692e-01 
 1.01537324e-01 -1.56372345e-01 
 1.01559999e-01 -1.56288776e-01 
 1.01582674e-01 -1.56198619e-01 
 1.01605349e-01 -1.56096940e-01 
 1.01628024e-01 -1.55971334e-01 
 1.01650699e-01 -1.55773729e-01 
 1.01673374e-01 -1.55200102e-01 
 1.01696049e-01 -1.45557203e-01 
 1.01718724e-01 -4.77866278e-02 
 1.01741399e-01  1.33223457e-01 
 1.01764074e-01  2.94109370e-01 
 1.01786749e-01  3.33943598e-01 
 1.01809424e-01  3.34985299e-01 
 1.01832099e-01  3.35461836e-01 
 1.01854774e-01  3.35508098e-01 
 1.01877449e-01  3.35355195e-01 
 1.01900124e-01  3.35067813e-01 
 1.01922799e-01  3.34583968e-01 
 1.01945474e-01  3.33763301e-01 
 1.01968149e-01  3.32111342e-01 
 1.01990824e-01  2.68346381e-01 
 1.02013499e-01  9.75331920e-02 
 1.02036174e-01 -7.66850051e-02 
 1.02058849e-01 -1.54400117e-01 
 1.02081524e-01 -1.57089761e-01 
 1.02104199e-01 -1.57195698e-01 
 1.02126874e-01 -1.57202578e-01 
 1.02149549e-01 -1.57164442e-01 
 1.02172224e-01 -1.57112040e-01 
 1.02194899e-01 -1.57053421e-01 
 1.02217574e-01 -1.56990836e-01 
 1.02240249e-01 -1.56924815e-01 
 1.02262924e-01 -1.56856499e-01 
 1.02285599e-01 -1.56785989e-01 
 1.02308274e-01 -1.56713569e-01 
 1.02330949e-01 -1.56638973e-01 
 1.02353624e-01 -1.56561936e-01 
 1.02376299e-01 -1.56481607e-01 
 1.02398974e-01 -1.56396634e-01 
 1.02421649e-01 -1.56304158e-01 
 1.02444324e-01 -1.56198128e-01 
 1.02466999e-01 -1.56062385e-01 
 1.02489674e-01 -1.55826047e-01 
 1.02512349e-01 -1.54873222e-01 
 1.02535024e-01 -1.33629277e-01 
 1.02557699e-01 -4.89346522e-03 
 1.02580374e-01  1.75961574e-01 
 1.02603049e-01  3.26500120e-01 
 1.02625724e-01  3.34212297e-01 
 1.02648399e-01  3.35037743e-01 
 1.02671074e-01  3.35352818e-01 
 1.02693749e-01  3.35339299e-01 
 1.02716424e-01  3.35164270e-01 
 1.02739099e-01  3.34836639e-01 
 1.02761774e-01  3.34286946e-01 
 1.02784449e-01  3.33334621e-01 
 1.02807124e-01  3.30726771e-01 
 1.02829799e-01  2.28542611e-01 
 1.02852474e-01  5.18973821e-02 
 1.02875149e-01 -1.10067998e-01 
 1.02897824e-01 -1.56287267e-01 
 1.02920499e-01 -1.57273117e-01 
 1.02943174e-01 -1.57334736e-01 
 1.02965849e-01 -1.57326700e-01 
 1.02988524e-01 -1.57284427e-01 
 1.03011199e-01 -1.57230427e-01 
 1.03033874e-01 -1.57170559e-01 
 1.03056549e-01 -1.57106980e-01 
 1.03079224e-01 -1.57040259e-01 
 1.03101899e-01 -1.56971328e-01 
 1.03124574e-01 -1.56900268e-01 
 1.03147249e-01 -1.56827277e-01 
 1.03169924e-01 -1.56752058e-01 
 1.03192599e-01 -1.56674238e-01 
 1.03215274e-01 -1.56592860e-01 
 1.03237949e-01 -1.56506315e-01 
 1.03260624e-01 -1.56411186e-01 
 1.03283299e-01 -1.56299906e-01 
 1.03305974e-01 -1.56147964e-01 
 1.03328649e-01 -1.55855005e-01 
 1.03351324e-01 -1.54069874e-01 
 1.03373999e-01 -1.13946156e-01 
 1.03396674e-01  4.09872928e-02 
 1.03419349e-01  2.16884201e-01 
 1.03442024e-01  3.31506056e-01 
 1.03464699e-01  3.34302383e-01 
 1.03487374e-01  3.35107428e-01 
 1.03510049e-01  3.35299495e-01 
 1.03532724e-01  3.35186773e-01 
 1.03555399e-01  3.34969035e-01 
 1.03578074e-01  3.34597071e-01 
 1.03600749e-01  3.33973527e-01 
 1.03623424e-01  3.32854261e-01 
 1.03646099e-01  3.28183829e-01 
 1.03668774e-01  1.86492433e-01 
 1.03691449e-01  6.65536859e-03 
 1.03714124e-01 -1.34638589e-01 
 1.03736799e-01 -1.57011350e-01 
 1.03759474e-01 -1.57432757e-01 
 1.03782149e-01 -1.57468197e-01 
 1.03804824e-01 -1.57447487e-01 
 1.03827499e-01 -1.57401236e-01 
 1.03850174e-01 -1.57345560e-01 
 1.03872849e-01 -1.57284640e-01 
 1.03895524e-01 -1.57220102e-01 
 1.03918199e-01 -1.57152753e-01 
 1.03940874e-01 -1.57083204e-01 
 1.03963549e-01 -1.57011616e-01 
 1.03986224e-01 -1.56938030e-01 
 1.04008899e-01 -1.56862171e-01 
 1.04031574e-01 -1.56783509e-01 
 1.04054249e-01 -1.56700991e-01 
 1.04076924e-01 -1.56612661e-01 
 1.04099599e-01 -1.56514442e-01 
 1.04122274e-01 -1.56396756e-01 
 1.04144949e-01 -1.56225896e-01 
 1.04167624e-01 -1.55835618e-01 
 1.04190299e-01 -1.51881006e-01 
 1.04212974e-01 -8.56785078e-02 
 1.04235649e-01  8.71536967e-02 
 1.04258324e-01  2.55836767e-01 
 1.04280999e-01  3.32932029e-01 
 1.04303674e-01  3.34606473e-01 
 1.04326349e-01  3.34938112e-01 
 1.04349024e-01  3.35071343e-01 
 1.04371699e-01  3.35011390e-01 
 1.04394374e-01  3.34774252e-01 
 1.04417049e-01  3.34346261e-01 
 1.04439724e-01  3.33632286e-01 
 1.04462399e-01  3.32291708e-01 
 1.04485074e-01  3.05928962e-01 
 1.04507749e-01  1.42911415e-01 
 1.04530424e-01 -3.67786343e-02 
 1.04553099e-01 -1.48934472e-01 
 1.04575774e-01 -1.57366385e-01 
 1.04598449e-01 -1.57572997e-01 
 1.04621124e-01 -1.57590695e-01 
 1.04643799e-01 -1.57562148e-01 
 1.04666474e-01 -1.57512978e-01 
 1.04689149e-01 -1.57455601e-01 
 1.04711824e-01 -1.57393703e-01 
 1.04734499e-01 -1.57328281e-01 
 1.04757174e-01 -1.57260336e-01 
 1.04779849e-01 -1.57190179e-01 
 1.04802524e-01 -1.57118075e-01 
 1.04825199e-01 -1.57043881e-01 
 1.04847874e-01 -1.56967339e-01 
 1.04870549e-01 -1.56887776e-01 
 1.04893224e-01 -1.56803998e-01 
 1.04915899e-01 -1.56713649e-01 
 1.04938574e-01 -1.56611809e-01 
 1.04961249e-01 -1.56486146e-01 
 1.04983924e-01 -1.56288909e-01 
 1.05006599e-01 -1.55719870e-01 
 1.05029274e-01 -1.46224328e-01 
 1.05051949e-01 -4.90287088e-02 
 1.05074624e-01  1.31903534e-01 
 1.05097299e-01  2.92893702e-01 
 1.05119974e-01  3.33421790e-01 
 1.05142649e-01  3.34472365e-01 
 1.05165324e-01  3.34951431e-01 
 1.05187999e-01  3.34997333e-01 
 1.05210674e-01  3.34844477e-01 
 1.05233349e-01  3.34558251e-01 
 1.05256024e-01  3.34075784e-01 
 1.05278699e-01  3.33257680e-01 
 1.05301374e-01  3.31612737e-01 
 1.05324049e-01  2.68583221e-01 
 1.05346724e-01  9.79121989e-02 
 1.05369399e-01 -7.64882822e-02 
 1.05392074e-01 -1.54851779e-01 
 1.05414749e-01 -1.57597562e-01 
 1.05437424e-01 -1.57707088e-01 
 1.05460099e-01 -1.57712207e-01 
 1.05482774e-01 -1.57673407e-01 
 1.05505449e-01 -1.57620831e-01 
 1.05528124e-01 -1.57562037e-01 
 1.05550799e-01 -1.57499239e-01 
 1.05573474e-01 -1.57433004e-01 
 1.05596149e-01 -1.57364465e-01 
 1.05618824e-01 -1.57293737e-01 
 1.05641499e-01 -1.57221098e-01 
 1.05664174e-01 -1.57146281e-01 
 1.05686849e-01 -1.57069027e-01 
 1.05709524e-01 -1.56988487e-01 
 1.05732199e-01 -1.56903312e-01 
 1.05754874e-01 -1.56810652e-01 
 1.05777549e-01 -1.56704482e-01 
 1.05800224e-01 -1.56568733e-01 
 1.05822899e-01 -1.56333051e-01 
 1.05845574e-01 -1.55390390e-01 
 1.05868249e-01 -1.34433266e-01 
 1.05890924e-01 -6.25491987e-03 
 1.05913599e-01  1.74666284e-01 
 1.05936274e-01  3.25675862e-01 
 1.05958949e-01  3.33702846e-01 
 1.05981624e-01  3.34576751e-01 
 1.06004299e-01  3.34874818e-01 
 1.06026974e-01  3.34837668e-01 
 1.06049649e-01  3.34660243e-01 
 1.06072324e-01  3.34335230e-01 
 1.06094999e-01  3.33787895e-01 
 1.06117674e-01  3.32838439e-01 
 1.06140349e-01  3.30248986e-01 
 1.06163024e-01  2.28815410e-01 
 1.06185699e-01  5.22698121e-02 
 1.06208374e-01 -1.10009913e-01 
 1.06231049e-01 -1.56769911e-01 
 1.06253724e-01 -1.57773386e-01 
 1.06276399e-01 -1.57835444e-01 
 1.06299074e-01 -1.57827445e-01 
 1.06321749e-01 -1.57785022e-01 
 1.06344424e-01 -1.57730827e-01 
 1.06367099e-01 -1.57670750e-01 
 1.06389774e-01 -1.57606962e-01 
 1.06412449e-01 -1.57540029e-01 
 1.06435124e-01 -1.57470880e-01 
 1.06457799e-01 -1.57399607e-01 
 1.06480474e-01 -1.57326398e-01 
 1.06503149e-01 -1.57250965e-01 
 1.06525824e-01 -1.57172933e-01 
 1.06548499e-01 -1.57091348e-01 
 1.06571174e-01 -1.57004608e-01 
 1.06593849e-01 -1.56909306e-01 
 1.06616524e-01 -1.56797912e-01 
 1.06639199e-01 -1.56646038e-01 
 1.06661874e-01 -1.56354299e-01 
 1.06684549e-01 -1.54592968e-01 
 1.06707224e-01 -1.14898317e-01 
 1.06729899e-01  3.96081979e-02 
 1.06752574e-01  2.15617663e-01 
 1.06775249e-01  3.30975974e-01 
 1.06797924e-01  3.33802708e-01 
 1.06820599e-01  3.34617065e-01 
 1.06843274e-01  3.34808538e-01 
 1.06865949e-01  3.34692657e-01 
 1.06888624e-01  3.34475349e-01 
 1.06911299e-01  3.34104626e-01 
 1.06933974e-01  3.33483145e-01 
 1.06956649e-01  3.32367557e-01 
 1.06979324e-01  3.27769204e-01 
 1.07001999e-01  1.86818521e-01 
 1.07024674e-01  7.02827553e-03 
 1.07047349e-01 -1.34758075e-01 
 1.07070024e-01 -1.57497738e-01 
 1.07092699e-01 -1.57925063e-01 
 1.07115374e-01 -1.57960720e-01 
 1.07138049e-01 -1.57939930e-01 
 1.07160724e-01 -1.57893510e-01 
 1.07183399e-01 -1.57837648e-01 
 1.07206074e-01 -1.57776525e-01 
 1.07228749e-01 -1.57711780e-01 
 1.07251424e-01 -1.57644220e-01 
 1.07274099e-01 -1.57574459e-01 
 1.07296774e-01 -1.57502657e-01 
 1.07319449e-01 -1.57428860e-01 
 1.07342124e-01 -1.57352792e-01 
 1.07364799e-01 -1.57273921e-01 
 1.07387474e-01 -1.57191204e-01 
 1.07410149e-01 -1.57102687e-01 
 1.07432824e-01 -1.57004313e-01 
 1.07455499e-01 -1.56886545e-01 
 1.07478174e-01 -1.56715873e-01 
 1.07500849e-01 -1.56327734e-01 
 1.07523524e-01 -1.52440011e-01 
 1.07546199e-01 -8.67903955e-02 
 1.07568874e-01  8.57788325e-02 
 1.07591549e-01  2.54623594e-01 
 1.07614224e-01  3.32429652e-01 
 1.07636899e-01  3.34120037e-01 
 1.07659574e-01  3.34451116e-01 
 1.07682249e-01  3.34583917e-01 
 1.07704924e-01  3.34525105e-01 
 1.07727599e-01  3.34289217e-01 
 1.07750274e-01  3.33862501e-01 
 1.07772949e-01  3.33150674e-01 
 1.07795624e-01  3.31815272e-01 
 1.07818299e-01  3.06136285e-01 
 1.07840974e-01  1.43144381e-01 
 1.07863649e-01 -3.64733236e-02 
 1.07886324e-01 -1.49236249e-01 
 1.07908999e-01 -1.57848204e-01 
 1.07931674e-01 -1.58057333e-01 
 1.07954349e-01 -1.58075083e-01 
 1.07977024e-01 -1.58046461e-01 
 1.07999699e-01 -1.57997126e-01 
 1.08022374e-01 -1.57939558e-01 
 1.08045049e-01 -1.57877458e-01 
 1.08067724e-01 -1.57811831e-01 
 1.08090399e-01 -1.57743678e-01 
 1.08113074e-01 -1.57673313e-01 
 1.08135749e-01 -1.57601000e-01 
 1.08158424e-01 -1.57526596e-01 
 1.08181099e-01 -1.57449848e-01 
 1.08203774e-01 -1.57370085e-01 
 1.08226449e-01 -1.57286111e-01 
 1.08249124e-01 -1.57195582e-01 
 1.08271799e-01 -1.57093601e-01 
 1.08294474e-01 -1.56967886e-01 
 1.08317149e-01 -1.56771008e-01 
 1.08339824e-01 -1.56206392e-01 
 1.08362499e-01 -1.46869740e-01 
 1.08385174e-01 -5.02878117e-02 
 1.08407849e-01  1.30588649e-01 
 1.08430524e-01  2.91733902e-01 
 1.08453199e-01  3.32932790e-01 
 1.08475874e-01  3.33992360e-01 
 1.08498549e-01  3.34474218e-01 
 1.08521224e-01  3.34519471e-01 
 1.08543899e-01  3.34366628e-01 
 1.08566574e-01  3.34081592e-01 
 1.08589249e-01  3.33600726e-01 
 1.08611924e-01  3.32784863e-01 
 1.08634599e-01  3.31146989e-01 
 1.08657274e-01  2.68847163e-01 
 1.08679949e-01  9.82982502e-02 
 1.08702624e-01 -7.62372503e-02 
 1.08725299e-01 -1.55268027e-01 
 1.08747974e-01 -1.58072579e-01 
 1.08770649e-01 -1.58181098e-01 
 1.08793324e-01 -1.58188200e-01 
 1.08815999e-01 -1.58149748e-01 
 1.08838674e-01 -1.58096947e-01 
 1.08861349e-01 -1.58037931e-01 
 1.08884024e-01 -1.57974937e-01 
 1.08906699e-01 -1.57908499e-01 
 1.08929374e-01 -1.57839759e-01 
 1.08952049e-01 -1.57768824e-01 
 1.08974724e-01 -1.57695979e-01 
 1.08997399e-01 -1.57620958e-01 
 1.09000000e-01 -1.57612169e-01 
