 1.00001062e-01  5.28248486e-04 
 1.00023737e-01  1.82701970e-03 
 1.00046412e-01  3.14799815e-03 
 1.00069087e-01  4.48002174e-03 
 1.00091762e-01  5.80663516e-03 
 1.00114437e-01  7.13298371e-03 
 1.00137112e-01  8.44692901e-03 
 1.00159787e-01  9.71937241e-03 
 1.00182462e-01  1.09694742e-02 
 1.00205137e-01  1.21668263e-02 
 1.00227812e-01  1.33222475e-02 
 1.00250487e-01  1.44046215e-02 
 1.00273162e-01  1.54100896e-02 
 1.00295837e-01  1.63473493e-02 
 1.00318512e-01  1.71720072e-02 
 1.00341187e-01  1.79077011e-02 
 1.00363862e-01  1.85279143e-02 
 1.00386537e-01  1.90350025e-02 
 1.00409212e-01  1.94141858e-02 
 1.00431887e-01  1.96798375e-02 
 1.00454562e-01  1.97987695e-02 
 1.00477237e-01  1.97991881e-02 
 1.00499912e-01  1.96657119e-02 
 1.00522587e-01  1.94082524e-02 
 1.00545262e-01  1.90153600e-02 
 1.00567937e-01  1.85096050e-02 
 1.00590612e-01  1.78778468e-02 
 1.00613287e-01  1.71389428e-02 
 1.00635962e-01  1.62950164e-02 
 1.00658637e-01  1.53587056e-02 
 1.00681312e-01  1.43253883e-02 
 1.00703987e-01  1.32342566e-02 
 1.00726662e-01  1.20583617e-02 
 1.00749337e-01  1.08430714e-02 
 1.00772012e-01  9.57781273e-03 
 1.00794687e-01  8.27794164e-03 
 1.00817362e-01  6.95255014e-03 
 1.00840037e-01  5.61349956e-03 
 1.00862712e-01  4.25897130e-03 
 1.00885387e-01  2.91579720e-03 
 1.00908062e-01  1.57318972e-03 
 1.00930737e-01  2.63015265e-04 
 1.00953412e-01 -1.03005359e-03 
 1.00976087e-01 -2.28374568e-03 
 1.00998762e-01 -3.50280735e-03 
 1.01021437e-01 -4.67398352e-03 
 1.01044112e-01 -5.79438039e-03 
 1.01066787e-01 -6.87566038e-03 
 1.01089462e-01 -7.89787338e-03 
 1.01112137e-01 -8.86980716e-03 
 1.01134812e-01 -9.77663160e-03 
 1.01157487e-01 -1.06337440e-02 
 1.01180162e-01 -1.14271917e-02 
 1.01202837e-01 -1.21565412e-02 
 1.01225512e-01 -1.28332203e-02 
 1.01248187e-01 -1.34391639e-02 
 1.01270862e-01 -1.39922274e-02 
 1.01293537e-01 -1.44713937e-02 
 1.01316212e-01 -1.48982654e-02 
 1.01338887e-01 -1.52579233e-02 
 1.01361562e-01 -1.55585139e-02 
 1.01384237e-01 -1.57941790e-02 
 1.01406912e-01 -1.59731168e-02 
 1.01429587e-01 -1.60857805e-02 
 1.01452262e-01 -1.61416032e-02 
 1.01474937e-01 -1.61329485e-02 
 1.01497612e-01 -1.60637058e-02 
 1.01520287e-01 -1.59378841e-02 
 1.01542962e-01 -1.57437755e-02 
 1.01565637e-01 -1.54907795e-02 
 1.01588312e-01 -1.51800714e-02 
 1.01610987e-01 -1.48054079e-02 
 1.01633662e-01 -1.43728259e-02 
 1.01656337e-01 -1.38776598e-02 
 1.01679012e-01 -1.33232386e-02 
 1.01701687e-01 -1.27083561e-02 
 1.01724362e-01 -1.20328074e-02 
 1.01747037e-01 -1.13008232e-02 
 1.01769712e-01 -1.05053585e-02 
 1.01792387e-01 -9.65471072e-03 
 1.01815062e-01 -8.74993597e-03 
 1.01837737e-01 -7.78636315e-03 
 1.01860412e-01 -6.77409012e-03 
 1.01883087e-01 -5.70817625e-03 
 1.01905762e-01 -4.59677043e-03 
 1.01928437e-01 -3.44235272e-03 
 1.01951112e-01 -2.24286209e-03 
 1.01973787e-01 -1.00975729e-03 
 1.01996462e-01  2.66258823e-04 
 1.02019137e-01  1.55777051e-03 
 1.02041812e-01  2.87899275e-03 
 1.02064487e-01  4.20102860e-03 
 1.02087162e-01  5.53650782e-03 
 1.02109837e-01  6.85401291e-03 
 1.02132512e-01  8.17222511e-03 
 1.02155187e-01  9.46397398e-03 
 1.02177862e-01  1.07109220e-02 
 1.02200537e-01  1.19215572e-02 
 1.02223212e-01  1.30848533e-02 
 1.02245887e-01  1.41866750e-02 
 1.02268562e-01  1.52119769e-02 
 1.02291237e-01  1.61555651e-02 
 1.02313912e-01  1.70084207e-02 
 1.02336587e-01  1.77573321e-02 
 1.02359262e-01  1.84033871e-02 
 1.02381937e-01  1.89294300e-02 
 1.02404612e-01  1.93420325e-02 
 1.02427287e-01  1.96248373e-02 
 1.02449962e-01  1.97756040e-02 
 1.02472637e-01  1.98024015e-02 
 1.02495312e-01  1.97022178e-02 
 1.02517987e-01  1.94579325e-02 
 1.02540662e-01  1.91076065e-02 
 1.02563337e-01  1.86078541e-02 
 1.02586012e-01  1.80124685e-02 
 1.02608687e-01  1.72900898e-02 
 1.02631362e-01  1.64690123e-02 
 1.02654037e-01  1.55518397e-02 
 1.02676712e-01  1.45400135e-02 
 1.02699387e-01  1.34535007e-02 
 1.02722062e-01  1.22982946e-02 
 1.02744737e-01  1.10859801e-02 
 1.02767412e-01  9.83436516e-03 
 1.02790087e-01  8.53899793e-03 
 1.02812762e-01  7.21547913e-03 
 1.02835437e-01  5.87330342e-03 
 1.02858112e-01  4.52568957e-03 
 1.02880787e-01  3.18010348e-03 
 1.02903462e-01  1.83646037e-03 
 1.02926137e-01  5.22613975e-04 
 1.02948812e-01 -7.77454351e-04 
 1.02971487e-01 -2.03580008e-03 
 1.02994162e-01 -3.26455293e-03 
 1.03016837e-01 -4.44518823e-03 
 1.03039512e-01 -5.58110829e-03 
 1.03062187e-01 -6.66351901e-03 
 1.03084862e-01 -7.69811820e-03 
 1.03107537e-01 -8.67775770e-03 
 1.03130212e-01 -9.60064425e-03 
 1.03152887e-01 -1.04695497e-02 
 1.03175562e-01 -1.12733799e-02 
 1.03198237e-01 -1.20226485e-02 
 1.03220912e-01 -1.27044027e-02 
 1.03243587e-01 -1.33231655e-02 
 1.03266262e-01 -1.38870171e-02 
 1.03288937e-01 -1.43841697e-02 
 1.03311612e-01 -1.48222633e-02 
 1.03334287e-01 -1.51993484e-02 
 1.03356962e-01 -1.55073891e-02 
 1.03379637e-01 -1.57557215e-02 
 1.03402312e-01 -1.59482742e-02 
 1.03424987e-01 -1.60753510e-02 
 1.03447662e-01 -1.61392234e-02 
 1.03470337e-01 -1.61437377e-02 
 1.03493012e-01 -1.60887796e-02 
 1.03515687e-01 -1.59713102e-02 
 1.03538362e-01 -1.57944656e-02 
 1.03561037e-01 -1.55516504e-02 
 1.03583712e-01 -1.52569331e-02 
 1.03606387e-01 -1.48906368e-02 
 1.03629062e-01 -1.44698092e-02 
 1.03651737e-01 -1.39882884e-02 
 1.03674412e-01 -1.34470708e-02 
 1.03697087e-01 -1.28428471e-02 
 1.03719762e-01 -1.21785661e-02 
 1.03742437e-01 -1.14553541e-02 
 1.03765112e-01 -1.06785352e-02 
 1.03787787e-01 -9.83911155e-03 
 1.03810462e-01 -8.94058188e-03 
 1.03833137e-01 -7.99329715e-03 
 1.03855812e-01 -6.98665241e-03 
 1.03878487e-01 -5.93198740e-03 
 1.03901162e-01 -4.83284830e-03 
 1.03923837e-01 -3.68304092e-03 
 1.03946512e-01 -2.49544316e-03 
 1.03969187e-01 -1.26518307e-03 
 1.03991862e-01 -3.61608851e-06 
 1.04014537e-01  1.29036893e-03 
 1.04037212e-01  2.59996624e-03 
 1.04059887e-01  3.92680260e-03 
 1.04082562e-01  5.25673795e-03 
 1.04105237e-01  6.58939440e-03 
 1.04127912e-01  7.90079452e-03 
 1.04150587e-01  9.20015856e-03 
 1.04173262e-01  1.04541711e-02 
 1.04195937e-01  1.16797285e-02 
 1.04218612e-01  1.28499685e-02 
 1.04241287e-01  1.39637607e-02 
 1.04263962e-01  1.50066511e-02 
 1.04286637e-01  1.59662413e-02 
 1.04309312e-01  1.68390430e-02 
 1.04331987e-01  1.76087760e-02 
 1.04354662e-01  1.82834201e-02 
 1.04377337e-01  1.88256896e-02 
 1.04400012e-01  1.92648154e-02 
 1.04422687e-01  1.95688441e-02 
 1.04445362e-01  1.97543976e-02 
 1.04468037e-01  1.98057802e-02 
 1.04490712e-01  1.97238835e-02 
 1.04513387e-01  1.95187615e-02 
 1.04536062e-01  1.91802512e-02 
 1.04558737e-01  1.87152971e-02 
 1.04581412e-01  1.81338451e-02 
 1.04604087e-01  1.74391498e-02 
 1.04626762e-01  1.66421884e-02 
 1.04649437e-01  1.57382363e-02 
 1.04672112e-01  1.47488189e-02 
 1.04694787e-01  1.36763180e-02 
 1.04717462e-01  1.25391680e-02 
 1.04740137e-01  1.13310990e-02 
 1.04762812e-01  1.00875475e-02 
 1.04785487e-01  8.79856805e-03 
 1.04808162e-01  7.48219429e-03 
 1.04830837e-01  6.14479015e-03 
 1.04853512e-01  4.79678758e-03 
 1.04876187e-01  3.44738000e-03 
 1.04898862e-01  2.10393245e-03 
 1.04921537e-01  7.85133882e-04 
 1.04944212e-01 -5.21714768e-04 
 1.04966887e-01 -1.78635223e-03 
 1.04989562e-01 -3.02359337e-03 
 1.05012237e-01 -4.21074373e-03 
 1.05034912e-01 -5.35709767e-03 
 1.05057587e-01 -6.45289168e-03 
 1.05080262e-01 -7.49903200e-03 
 1.05102937e-01 -8.48979829e-03 
 1.05125612e-01 -9.42629463e-03 
 1.05148287e-01 -1.03055211e-02 
 1.05170962e-01 -1.11229411e-02 
 1.05193637e-01 -1.18783854e-02 
 1.05216312e-01 -1.25733486e-02 
 1.05238987e-01 -1.32093801e-02 
 1.05261662e-01 -1.37826210e-02 
 1.05284337e-01 -1.42955617e-02 
 1.05307012e-01 -1.47406703e-02 
 1.05329687e-01 -1.51298619e-02 
 1.05352362e-01 -1.54561421e-02 
 1.05375037e-01 -1.57169570e-02 
 1.05397712e-01 -1.59190396e-02 
 1.05420387e-01 -1.60574491e-02 
 1.05443062e-01 -1.61385828e-02 
 1.05465737e-01 -1.61551219e-02 
 1.05488412e-01 -1.61120272e-02 
 1.05511087e-01 -1.60035048e-02 
 1.05533762e-01 -1.58384732e-02 
 1.05556437e-01 -1.56103544e-02 
 1.05579112e-01 -1.53253270e-02 
 1.05601787e-01 -1.49756634e-02 
 1.05624462e-01 -1.45639536e-02 
 1.05647137e-01 -1.40942222e-02 
 1.05669812e-01 -1.35693760e-02 
 1.05692487e-01 -1.29759530e-02 
 1.05715162e-01 -1.23241921e-02 
 1.05737837e-01 -1.16129679e-02 
 1.05760512e-01 -1.08466465e-02 
 1.05783187e-01 -1.00195428e-02 
 1.05805862e-01 -9.13353172e-03 
 1.05828537e-01 -8.19495120e-03 
 1.05851212e-01 -7.19870036e-03 
 1.05873887e-01 -6.15925853e-03 
 1.05896562e-01 -5.06397415e-03 
 1.05919237e-01 -3.92895312e-03 
 1.05941912e-01 -2.74227917e-03 
 1.05964587e-01 -1.52289898e-03 
 1.05987262e-01 -2.65929632e-04 
 1.06009937e-01  1.02209966e-03 
 1.06032612e-01  2.33145309e-03 
 1.06055287e-01  3.65593050e-03 
 1.06077962e-01  4.98598073e-03 
 1.06100637e-01  6.31370920e-03 
 1.06123312e-01  7.63224949e-03 
 1.06145987e-01  8.93259185e-03 
 1.06168662e-01  1.02042836e-02 
 1.06191337e-01  1.14288461e-02 
 1.06214012e-01  1.26111749e-02 
 1.06236687e-01  1.37430882e-02 
 1.06259362e-01  1.47914299e-02 
 1.06282037e-01  1.57765862e-02 
 1.06304712e-01  1.66658376e-02 
 1.06327387e-01  1.74601559e-02 
 1.06350062e-01  1.81451904e-02 
 1.06372737e-01  1.87168780e-02 
 1.06395412e-01  1.91833186e-02 
 1.06418087e-01  1.95133207e-02 
 1.06440762e-01  1.97255315e-02 
 1.06463437e-01  1.98001991e-02 
 1.06486112e-01  1.97509925e-02 
 1.06508787e-01  1.95630600e-02 
 1.06531462e-01  1.92482641e-02 
 1.06554137e-01  1.88228083e-02 
 1.06576812e-01  1.82571664e-02 
 1.06599487e-01  1.75866241e-02 
 1.06622162e-01  1.68075879e-02 
 1.06644837e-01  1.59260615e-02 
 1.06667512e-01  1.49502962e-02 
 1.06690187e-01  1.38950686e-02 
 1.06712862e-01  1.27637497e-02 
 1.06735537e-01  1.15804102e-02 
 1.06758212e-01  1.03378079e-02 
 1.06780887e-01  9.06083528e-03 
 1.06803562e-01  7.74322289e-03 
 1.06826237e-01  6.41481793e-03 
 1.06848912e-01  5.06440385e-03 
 1.06871587e-01  3.71424053e-03 
 1.06894262e-01  2.37494456e-03 
 1.06916937e-01  1.04193004e-03 
 1.06939612e-01 -2.61073438e-04 
 1.06962287e-01 -1.53895850e-03 
 1.06984962e-01 -2.78073802e-03 
 1.07007637e-01 -3.97945051e-03 
 1.07030312e-01 -5.13522255e-03 
 1.07052987e-01 -6.23996621e-03 
 1.07075662e-01 -7.29866865e-03 
 1.07098337e-01 -8.29955933e-03 
 1.07121012e-01 -9.24822809e-03 
 1.07143687e-01 -1.01367647e-02 
 1.07166362e-01 -1.09658514e-02 
 1.07189037e-01 -1.17314820e-02 
 1.07211712e-01 -1.24456499e-02 
 1.07234387e-01 -1.30894160e-02 
 1.07257062e-01 -1.36756755e-02 
 1.07279737e-01 -1.41992624e-02 
 1.07302412e-01 -1.46636496e-02 
 1.07325087e-01 -1.50571312e-02 
 1.07347762e-01 -1.54006607e-02 
 1.07370437e-01 -1.56708414e-02 
 1.07393112e-01 -1.58867971e-02 
 1.07415787e-01 -1.60391342e-02 
 1.07438462e-01 -1.61304925e-02 
 1.07461137e-01 -1.61594062e-02 
 1.07483812e-01 -1.61303253e-02 
 1.07506487e-01 -1.60356800e-02 
 1.07529162e-01 -1.58815772e-02 
 1.07551837e-01 -1.56665048e-02 
 1.07574512e-01 -1.53914283e-02 
 1.07597187e-01 -1.50571314e-02 
 1.07619862e-01 -1.46594236e-02 
 1.07642537e-01 -1.42007723e-02 
 1.07665212e-01 -1.36827400e-02 
 1.07687887e-01 -1.31029142e-02 
 1.07710562e-01 -1.24647188e-02 
 1.07733237e-01 -1.17653089e-02 
 1.07755912e-01 -1.10092298e-02 
 1.07778587e-01 -1.01977246e-02 
 1.07801262e-01 -9.32026364e-03 
 1.07823937e-01 -8.39428682e-03 
 1.07846612e-01 -7.41150750e-03 
 1.07869287e-01 -6.37720014e-03 
 1.07891962e-01 -5.29502035e-03 
 1.07914637e-01 -4.16630786e-03 
 1.07937312e-01 -2.99073674e-03 
 1.07959987e-01 -1.77989476e-03 
 1.07982662e-01 -5.23892430e-04 
 1.08005337e-01  7.56678737e-04 
 1.08028012e-01  2.05568668e-03 
 1.08050687e-01  3.38151131e-03 
 1.08073362e-01  4.71271247e-03 
 1.08096037e-01  6.03728179e-03 
 1.08118712e-01  7.36619875e-03 
 1.08141387e-01  8.66406849e-03 
 1.08164062e-01  9.94190371e-03 
 1.08186737e-01  1.11838775e-02 
 1.08209412e-01  1.23745482e-02 
 1.08232087e-01  1.35069250e-02 
 1.08254762e-01  1.45784307e-02 
 1.08277437e-01  1.55787600e-02 
 1.08300112e-01  1.64881284e-02 
 1.08322787e-01  1.73015469e-02 
 1.08345462e-01  1.80133681e-02 
 1.08368137e-01  1.86090653e-02 
 1.08390812e-01  1.90914425e-02 
 1.08413487e-01  1.94558137e-02 
 1.08436162e-01  1.96803786e-02 
 1.08458837e-01  1.97894915e-02 
 1.08481512e-01  1.97672649e-02 
 1.08504187e-01  1.96086795e-02 
 1.08526862e-01  1.93286084e-02 
 1.08549537e-01  1.89066554e-02 
 1.08572212e-01  1.83758685e-02 
 1.08594887e-01  1.77267705e-02 
 1.08617562e-01  1.69667905e-02 
 1.08640237e-01  1.61060727e-02 
 1.08662912e-01  1.51561547e-02 
 1.08685587e-01  1.41051584e-02 
 1.08708262e-01  1.29988214e-02 
 1.08730937e-01  1.18193700e-02 
 1.08753612e-01  1.05872807e-02 
 1.08776287e-01  9.31515877e-03 
 1.08798962e-01  8.01031244e-03 
 1.08821637e-01  6.67914069e-03 
 1.08844312e-01  5.33266084e-03 
 1.08866987e-01  3.98782937e-03 
 1.08889662e-01  2.64012461e-03 
 1.08912337e-01  1.30585100e-03 
 1.08935012e-01 -6.09371285e-06 
 1.08957687e-01 -1.28282118e-03 
 1.08980362e-01 -2.53532990e-03 
 1.09000000e-01 -3.58576819e-03 
