 1.00005381e-01  7.88923949e-03 
 1.00028056e-01  9.33340898e-03 
 1.00050731e-01  1.08250238e-02 
 1.00073406e-01  1.22936457e-02 
 1.00096081e-01  1.37805361e-02 
 1.00118756e-01  1.52691402e-02 
 1.00141431e-01  1.67631811e-02 
 1.00164106e-01  1.82539022e-02 
 1.00186781e-01  1.97584657e-02 
 1.00209456e-01  2.12576247e-02 
 1.00232131e-01  2.27472273e-02 
 1.00254806e-01  2.42314019e-02 
 1.00277481e-01  2.57041585e-02 
 1.00300156e-01  2.71557246e-02 
 1.00322831e-01  2.86154357e-02 
 1.00345506e-01  3.00479823e-02 
 1.00368181e-01  3.14598448e-02 
 1.00390856e-01  3.28571512e-02 
 1.00413531e-01  3.42216945e-02 
 1.00436206e-01  3.55588449e-02 
 1.00458881e-01  3.68837279e-02 
 1.00481556e-01  3.81586142e-02 
 1.00504231e-01  3.94115882e-02 
 1.00526906e-01  4.06328599e-02 
 1.00549581e-01  4.18201218e-02 
 1.00572256e-01  4.29691724e-02 
 1.00594931e-01  4.40769422e-02 
 1.00617606e-01  4.51376304e-02 
 1.00640281e-01  4.61497259e-02 
 1.00662956e-01  4.71193961e-02 
 1.00685631e-01  4.80495855e-02 
 1.00708306e-01  4.89217787e-02 
 1.00730981e-01  4.97373739e-02 
 1.00753656e-01  5.04977836e-02 
 1.00776331e-01  5.12130965e-02 
 1.00799006e-01  5.18548254e-02 
 1.00821681e-01  5.24562175e-02 
 1.00844356e-01  5.29838426e-02 
 1.00867031e-01  5.34446086e-02 
 1.00889706e-01  5.38696901e-02 
 1.00912381e-01  5.42184179e-02 
 1.00935056e-01  5.44831914e-02 
 1.00957731e-01  5.47041434e-02 
 1.00980406e-01  5.48626907e-02 
 1.01003081e-01  5.49545098e-02 
 1.01025756e-01  5.49893782e-02 
 1.01048431e-01  5.49260828e-02 
 1.01071106e-01  5.48279864e-02 
 1.01093781e-01  5.46405010e-02 
 1.01116456e-01  5.44005163e-02 
 1.01139131e-01  5.40840093e-02 
 1.01161806e-01  5.37021360e-02 
 1.01184481e-01  5.32634669e-02 
 1.01207156e-01  5.27694324e-02 
 1.01229831e-01  5.21849229e-02 
 1.01252506e-01  5.15727299e-02 
 1.01275181e-01  5.08782409e-02 
 1.01297856e-01  5.01271119e-02 
 1.01320531e-01  4.93261040e-02 
 1.01343206e-01  4.84569488e-02 
 1.01365881e-01  4.75399855e-02 
 1.01388556e-01  4.65712232e-02 
 1.01411231e-01  4.55409050e-02 
 1.01433906e-01  4.44574339e-02 
 1.01456581e-01  4.33350793e-02 
 1.01479256e-01  4.21599867e-02 
 1.01501931e-01  4.09498996e-02 
 1.01524606e-01  3.96971223e-02 
 1.01547281e-01  3.83899680e-02 
 1.01569956e-01  3.70547378e-02 
 1.01592631e-01  3.56975253e-02 
 1.01615306e-01  3.42649636e-02 
 1.01637981e-01  3.28500642e-02 
 1.01660656e-01  3.14032254e-02 
 1.01683331e-01  2.99045332e-02 
 1.01706006e-01  2.84149770e-02 
 1.01728681e-01  2.68786749e-02 
 1.01751356e-01  2.53547429e-02 
 1.01774031e-01  2.37855657e-02 
 1.01796706e-01  2.22210933e-02 
 1.01819381e-01  2.06444681e-02 
 1.01842056e-01  1.90771099e-02 
 1.01864731e-01  1.74896051e-02 
 1.01887406e-01  1.59085739e-02 
 1.01910081e-01  1.43083718e-02 
 1.01932756e-01  1.27299018e-02 
 1.01955431e-01  1.11513113e-02 
 1.01978106e-01  9.58391888e-03 
 1.02000781e-01  8.02714171e-03 
 1.02023456e-01  6.47995855e-03 
 1.02046131e-01  4.94540971e-03 
 1.02068806e-01  3.41565425e-03 
 1.02091481e-01  1.92805832e-03 
 1.02114156e-01  4.25261168e-04 
 1.02136831e-01 -1.01939156e-03 
 1.02159506e-01 -2.46737496e-03 
 1.02182181e-01 -3.87753821e-03 
 1.02204856e-01 -5.28347657e-03 
 1.02227531e-01 -6.63803726e-03 
 1.02250206e-01 -7.98022562e-03 
 1.02272881e-01 -9.29858725e-03 
 1.02295556e-01 -1.05788403e-02 
 1.02318231e-01 -1.18217726e-02 
 1.02340906e-01 -1.30548359e-02 
 1.02363581e-01 -1.42365342e-02 
 1.02386256e-01 -1.54102757e-02 
 1.02408931e-01 -1.65363716e-02 
 1.02431606e-01 -1.76367587e-02 
 1.02454281e-01 -1.87007534e-02 
 1.02476956e-01 -1.97361426e-02 
 1.02499631e-01 -2.07353141e-02 
 1.02522306e-01 -2.17092941e-02 
 1.02544981e-01 -2.26605788e-02 
 1.02567656e-01 -2.35658768e-02 
 1.02590331e-01 -2.44385036e-02 
 1.02613006e-01 -2.52950675e-02 
 1.02635681e-01 -2.61222264e-02 
 1.02658356e-01 -2.69108779e-02 
 1.02681031e-01 -2.76700904e-02 
 1.02703706e-01 -2.84111018e-02 
 1.02726381e-01 -2.91174824e-02 
 1.02749056e-01 -2.97942593e-02 
 1.02771731e-01 -3.04455961e-02 
 1.02794406e-01 -3.10706150e-02 
 1.02817081e-01 -3.16723135e-02 
 1.02839756e-01 -3.22413829e-02 
 1.02862431e-01 -3.27891775e-02 
 1.02885106e-01 -3.33064818e-02 
 1.02907781e-01 -3.38015669e-02 
 1.02930456e-01 -3.42816190e-02 
 1.02953131e-01 -3.47271461e-02 
 1.02975806e-01 -3.51526954e-02 
 1.02998481e-01 -3.55538506e-02 
 1.03021156e-01 -3.59356819e-02 
 1.03043831e-01 -3.62940675e-02 
 1.03066506e-01 -3.66326745e-02 
 1.03089181e-01 -3.69464441e-02 
 1.03111856e-01 -3.72416532e-02 
 1.03134531e-01 -3.75126612e-02 
 1.03157206e-01 -3.77672665e-02 
 1.03179881e-01 -3.80107523e-02 
 1.03202556e-01 -3.82095995e-02 
 1.03225231e-01 -3.84163009e-02 
 1.03247906e-01 -3.85901608e-02 
 1.03270581e-01 -3.87530071e-02 
 1.03293256e-01 -3.88822831e-02 
 1.03315931e-01 -3.90049270e-02 
 1.03338606e-01 -3.91055650e-02 
 1.03361281e-01 -3.91889980e-02 
 1.03383956e-01 -3.92570730e-02 
 1.03406631e-01 -3.93033986e-02 
 1.03429306e-01 -3.93336759e-02 
 1.03451981e-01 -3.93468050e-02 
 1.03474656e-01 -3.93456743e-02 
 1.03497331e-01 -3.93215067e-02 
 1.03520006e-01 -3.92855835e-02 
 1.03542681e-01 -3.92311262e-02 
 1.03565356e-01 -3.91504124e-02 
 1.03588031e-01 -3.90706437e-02 
 1.03610706e-01 -3.89548360e-02 
 1.03633381e-01 -3.88316500e-02 
 1.03656056e-01 -3.86927104e-02 
 1.03678731e-01 -3.85323164e-02 
 1.03701406e-01 -3.83529607e-02 
 1.03724081e-01 -3.81553100e-02 
 1.03746756e-01 -3.79441039e-02 
 1.03769431e-01 -3.77126556e-02 
 1.03792106e-01 -3.74697412e-02 
 1.03814781e-01 -3.71995696e-02 
 1.03837456e-01 -3.69231599e-02 
 1.03860131e-01 -3.66124543e-02 
 1.03882806e-01 -3.63019160e-02 
 1.03905481e-01 -3.59530734e-02 
 1.03928156e-01 -3.55995877e-02 
 1.03950831e-01 -3.52175905e-02 
 1.03973506e-01 -3.48212614e-02 
 1.03996181e-01 -3.44068191e-02 
 1.04018856e-01 -3.39700805e-02 
 1.04041531e-01 -3.35086452e-02 
 1.04064206e-01 -3.30271201e-02 
 1.04086881e-01 -3.25268106e-02 
 1.04109556e-01 -3.20103054e-02 
 1.04132231e-01 -3.14635657e-02 
 1.04154906e-01 -3.08990367e-02 
 1.04177581e-01 -3.03102076e-02 
 1.04200256e-01 -2.96990369e-02 
 1.04222931e-01 -2.90618577e-02 
 1.04245606e-01 -2.84177288e-02 
 1.04268281e-01 -2.77373801e-02 
 1.04290956e-01 -2.70290344e-02 
 1.04313631e-01 -2.63059199e-02 
 1.04336306e-01 -2.55479766e-02 
 1.04358981e-01 -2.47730349e-02 
 1.04381656e-01 -2.39756605e-02 
 1.04404331e-01 -2.31484156e-02 
 1.04427006e-01 -2.22920952e-02 
 1.04449681e-01 -2.14150530e-02 
 1.04472356e-01 -2.05179287e-02 
 1.04495031e-01 -1.95796312e-02 
 1.04517706e-01 -1.86314765e-02 
 1.04540381e-01 -1.76539004e-02 
 1.04563056e-01 -1.66432856e-02 
 1.04585731e-01 -1.56146274e-02 
 1.04608406e-01 -1.45490953e-02 
 1.04631081e-01 -1.34652813e-02 
 1.04653756e-01 -1.23547616e-02 
 1.04676431e-01 -1.12233560e-02 
 1.04699106e-01 -1.00537728e-02 
 1.04721781e-01 -8.86882975e-03 
 1.04744456e-01 -7.66250983e-03 
 1.04767131e-01 -6.42171534e-03 
 1.04789806e-01 -5.16415710e-03 
 1.04812481e-01 -3.86937783e-03 
 1.04835156e-01 -2.57066887e-03 
 1.04857831e-01 -1.24459713e-03 
 1.04880506e-01  1.08950123e-04 
 1.04903181e-01  1.48045452e-03 
 1.04925856e-01  2.87293982e-03 
 1.04948531e-01  4.26731193e-03 
 1.04971206e-01  5.70316127e-03 
 1.04993881e-01  7.13296536e-03 
 1.05016556e-01  8.59660816e-03 
 1.05039231e-01  1.00543444e-02 
 1.05061906e-01  1.15210809e-02 
 1.05084581e-01  1.30167374e-02 
 1.05107256e-01  1.45082734e-02 
 1.05129931e-01  1.59975018e-02 
 1.05152606e-01  1.75001232e-02 
 1.05175281e-01  1.89853385e-02 
 1.05197956e-01  2.04782848e-02 
 1.05220631e-01  2.19892429e-02 
 1.05243306e-01  2.34700832e-02 
 1.05265981e-01  2.49420157e-02 
 1.05288656e-01  2.64073766e-02 
 1.05311331e-01  2.78729879e-02 
 1.05334006e-01  2.93024227e-02 
 1.05356681e-01  3.07301388e-02 
 1.05379356e-01  3.21306518e-02 
 1.05402031e-01  3.35164477e-02 
 1.05424706e-01  3.48734660e-02 
 1.05447381e-01  3.62080224e-02 
 1.05470056e-01  3.75058552e-02 
 1.05492731e-01  3.87567667e-02 
 1.05515406e-01  4.00167141e-02 
 1.05538081e-01  4.12067072e-02 
 1.05560756e-01  4.23826528e-02 
 1.05583431e-01  4.35121239e-02 
 1.05606106e-01  4.45933136e-02 
 1.05628781e-01  4.56119296e-02 
 1.05651456e-01  4.66343284e-02 
 1.05674131e-01  4.75647065e-02 
 1.05696806e-01  4.84599694e-02 
 1.05719481e-01  4.93144541e-02 
 1.05742156e-01  5.01156902e-02 
 1.05764831e-01  5.08534192e-02 
 1.05787506e-01  5.15357809e-02 
 1.05810181e-01  5.21490866e-02 
 1.05832856e-01  5.27210578e-02 
 1.05855531e-01  5.32092554e-02 
 1.05878206e-01  5.36569543e-02 
 1.05900881e-01  5.40273821e-02 
 1.05923556e-01  5.43459030e-02 
 1.05946231e-01  5.45885823e-02 
 1.05968906e-01  5.47803754e-02 
 1.05991581e-01  5.48904796e-02 
 1.06014256e-01  5.49602686e-02 
 1.06036931e-01  5.49376280e-02 
 1.06059606e-01  5.48792229e-02 
 1.06082281e-01  5.47197018e-02 
 1.06104956e-01  5.45145715e-02 
 1.06127631e-01  5.42268060e-02 
 1.06150306e-01  5.38943888e-02 
 1.06172981e-01  5.34952035e-02 
 1.06195656e-01  5.30245172e-02 
 1.06218331e-01  5.24952742e-02 
 1.06241006e-01  5.18810579e-02 
 1.06263681e-01  5.12336445e-02 
 1.06286356e-01  5.04982659e-02 
 1.06309031e-01  4.97196775e-02 
 1.06331706e-01  4.88850096e-02 
 1.06354381e-01  4.79927966e-02 
 1.06377056e-01  4.70474131e-02 
 1.06399731e-01  4.60406951e-02 
 1.06422406e-01  4.49971738e-02 
 1.06445081e-01  4.39047836e-02 
 1.06467756e-01  4.27447849e-02 
 1.06490431e-01  4.15551943e-02 
 1.06513106e-01  4.03102607e-02 
 1.06535781e-01  3.90295313e-02 
 1.06558456e-01  3.77199132e-02 
 1.06581131e-01  3.63713965e-02 
 1.06603806e-01  3.49884935e-02 
 1.06626481e-01  3.35704229e-02 
 1.06649156e-01  3.21246294e-02 
 1.06671831e-01  3.06583745e-02 
 1.06694506e-01  2.91529391e-02 
 1.06717181e-01  2.76507480e-02 
 1.06739856e-01  2.61070392e-02 
 1.06762531e-01  2.45567243e-02 
 1.06785206e-01  2.30118599e-02 
 1.06807881e-01  2.14335041e-02 
 1.06830556e-01  1.98647449e-02 
 1.06853231e-01  1.82813502e-02 
 1.06875906e-01  1.66840181e-02 
 1.06898581e-01  1.51149440e-02 
 1.06921256e-01  1.35257788e-02 
 1.06943931e-01  1.19384911e-02 
 1.06966606e-01  1.03660072e-02 
 1.06989281e-01  8.79716517e-03 
 1.07011956e-01  7.25212904e-03 
 1.07034631e-01  5.69899982e-03 
 1.07057306e-01  4.17088387e-03 
 1.07079981e-01  2.66672309e-03 
 1.07102656e-01  1.17184435e-03 
 1.07125331e-01 -3.04015146e-04 
 1.07148006e-01 -1.75418957e-03 
 1.07170681e-01 -3.19196004e-03 
 1.07193356e-01 -4.59213050e-03 
 1.07216031e-01 -5.96320746e-03 
 1.07238706e-01 -7.32258129e-03 
 1.07261381e-01 -8.64545717e-03 
 1.07284056e-01 -9.94772902e-03 
 1.07306731e-01 -1.12142731e-02 
 1.07329406e-01 -1.24532617e-02 
 1.07352081e-01 -1.36448246e-02 
 1.07374756e-01 -1.48430502e-02 
 1.07397431e-01 -1.59829583e-02 
 1.07420106e-01 -1.70942234e-02 
 1.07442781e-01 -1.81760477e-02 
 1.07465456e-01 -1.92283222e-02 
 1.07488131e-01 -2.02498680e-02 
 1.07510806e-01 -2.12374603e-02 
 1.07533481e-01 -2.21946816e-02 
 1.07556156e-01 -2.31176471e-02 
 1.07578831e-01 -2.40090109e-02 
 1.07601506e-01 -2.48853176e-02 
 1.07624181e-01 -2.57147900e-02 
 1.07646856e-01 -2.65292662e-02 
 1.07669531e-01 -2.73052781e-02 
 1.07692206e-01 -2.80508485e-02 
 1.07714881e-01 -2.87769823e-02 
 1.07737556e-01 -2.94577469e-02 
 1.07760231e-01 -3.01306964e-02 
 1.07782906e-01 -3.07697684e-02 
 1.07805581e-01 -3.13830998e-02 
 1.07828256e-01 -3.19665628e-02 
 1.07850931e-01 -3.25264291e-02 
 1.07873606e-01 -3.30602583e-02 
 1.07896281e-01 -3.35719486e-02 
 1.07918956e-01 -3.40562488e-02 
 1.07941631e-01 -3.45181125e-02 
 1.07964306e-01 -3.49512780e-02 
 1.07986981e-01 -3.53706413e-02 
 1.08009656e-01 -3.57561135e-02 
 1.08032331e-01 -3.61328445e-02 
 1.08055006e-01 -3.64751513e-02 
 1.08077681e-01 -3.68033709e-02 
 1.08100356e-01 -3.71101994e-02 
 1.08123031e-01 -3.73959711e-02 
 1.08145706e-01 -3.76634438e-02 
 1.08168381e-01 -3.78995813e-02 
 1.08191056e-01 -3.81261002e-02 
 1.08213731e-01 -3.83321320e-02 
 1.08236406e-01 -3.85131601e-02 
 1.08259081e-01 -3.86816866e-02 
 1.08281756e-01 -3.88286062e-02 
 1.08304431e-01 -3.89619027e-02 
 1.08327106e-01 -3.90735829e-02 
 1.08349781e-01 -3.91637817e-02 
 1.08372456e-01 -3.92390832e-02 
 1.08395131e-01 -3.93008238e-02 
 1.08417806e-01 -3.93343636e-02 
 1.08440481e-01 -3.93597706e-02 
 1.08463156e-01 -3.93605062e-02 
 1.08485831e-01 -3.93510748e-02 
 1.08508506e-01 -3.93169922e-02 
 1.08531181e-01 -3.92741288e-02 
 1.08553856e-01 -3.92037982e-02 
 1.08576531e-01 -3.91301325e-02 
 1.08599206e-01 -3.90266024e-02 
 1.08621881e-01 -3.89153828e-02 
 1.08644556e-01 -3.87771801e-02 
 1.08667231e-01 -3.86335093e-02 
 1.08689906e-01 -3.84581111e-02 
 1.08712581e-01 -3.82738994e-02 
 1.08735256e-01 -3.80737966e-02 
 1.08757931e-01 -3.78528189e-02 
 1.08780606e-01 -3.76111588e-02 
 1.08803281e-01 -3.73533688e-02 
 1.08825956e-01 -3.70794987e-02 
 1.08848631e-01 -3.67830843e-02 
 1.08871306e-01 -3.64769701e-02 
 1.08893981e-01 -3.61418086e-02 
 1.08916656e-01 -3.57962768e-02 
 1.08939331e-01 -3.54239707e-02 
 1.08962006e-01 -3.50420591e-02 
 1.08984681e-01 -3.46331013e-02 
 1.09000000e-01 -3.43445404e-02 
