 1.00000350e-01  3.74427151e-03 
 1.00023025e-01  4.25464233e-03 
 1.00045700e-01  4.76776392e-03 
 1.00068375e-01  5.27995391e-03 
 1.00091050e-01  5.79299559e-03 
 1.00113725e-01  6.30044972e-03 
 1.00136400e-01  6.81085704e-03 
 1.00159075e-01  7.31665596e-03 
 1.00181750e-01  7.82302836e-03 
 1.00204425e-01  8.31976565e-03 
 1.00227100e-01  8.82369811e-03 
 1.00249775e-01  9.31066958e-03 
 1.00272450e-01  9.79997078e-03 
 1.00295125e-01  1.02773604e-02 
 1.00317800e-01  1.07592738e-02 
 1.00340475e-01  1.12188215e-02 
 1.00363150e-01  1.16777390e-02 
 1.00385825e-01  1.21321598e-02 
 1.00408500e-01  1.25703947e-02 
 1.00431175e-01  1.30068945e-02 
 1.00453850e-01  1.34245692e-02 
 1.00476525e-01  1.38383113e-02 
 1.00499200e-01  1.42441644e-02 
 1.00521875e-01  1.46337008e-02 
 1.00544550e-01  1.50210799e-02 
 1.00567225e-01  1.53808221e-02 
 1.00589900e-01  1.57313253e-02 
 1.00612575e-01  1.60684582e-02 
 1.00635250e-01  1.63946114e-02 
 1.00657925e-01  1.67071970e-02 
 1.00680600e-01  1.70014021e-02 
 1.00703275e-01  1.72716783e-02 
 1.00725950e-01  1.75324074e-02 
 1.00748625e-01  1.77725704e-02 
 1.00771300e-01  1.80051490e-02 
 1.00793975e-01  1.82093839e-02 
 1.00816650e-01  1.83917563e-02 
 1.00839325e-01  1.85770438e-02 
 1.00862000e-01  1.87243512e-02 
 1.00884675e-01  1.88536093e-02 
 1.00907350e-01  1.89694951e-02 
 1.00930025e-01  1.90630067e-02 
 1.00952700e-01  1.91326417e-02 
 1.00975375e-01  1.91900663e-02 
 1.00998050e-01  1.92256321e-02 
 1.01020725e-01  1.92394446e-02 
 1.01043400e-01  1.92304807e-02 
 1.01066075e-01  1.92054076e-02 
 1.01088750e-01  1.91577222e-02 
 1.01111425e-01  1.90961290e-02 
 1.01134100e-01  1.90048055e-02 
 1.01156775e-01  1.88991506e-02 
 1.01179450e-01  1.87687601e-02 
 1.01202125e-01  1.86245257e-02 
 1.01224800e-01  1.84568726e-02 
 1.01247475e-01  1.82781446e-02 
 1.01270150e-01  1.80715566e-02 
 1.01292825e-01  1.78519637e-02 
 1.01315500e-01  1.76092005e-02 
 1.01338175e-01  1.73537875e-02 
 1.01360850e-01  1.70743825e-02 
 1.01383525e-01  1.67861165e-02 
 1.01406200e-01  1.64747205e-02 
 1.01428875e-01  1.61572369e-02 
 1.01451550e-01  1.58100446e-02 
 1.01474225e-01  1.54581500e-02 
 1.01496900e-01  1.50834554e-02 
 1.01519575e-01  1.46985751e-02 
 1.01542250e-01  1.43076853e-02 
 1.01564925e-01  1.38921132e-02 
 1.01587600e-01  1.34758218e-02 
 1.01610275e-01  1.30374179e-02 
 1.01632950e-01  1.26010534e-02 
 1.01655625e-01  1.21456293e-02 
 1.01678300e-01  1.16831631e-02 
 1.01700975e-01  1.12148268e-02 
 1.01723650e-01  1.07308604e-02 
 1.01746325e-01  1.02446194e-02 
 1.01769000e-01  9.75297373e-03 
 1.01791675e-01  9.25526821e-03 
 1.01814350e-01  8.74947423e-03 
 1.01837025e-01  8.24015498e-03 
 1.01859700e-01  7.72570300e-03 
 1.01882375e-01  7.19940233e-03 
 1.01905050e-01  6.68730438e-03 
 1.01927725e-01  6.15660107e-03 
 1.01950400e-01  5.62991477e-03 
 1.01973075e-01  5.10434297e-03 
 1.01995750e-01  4.57619257e-03 
 1.02018425e-01  4.04088259e-03 
 1.02041100e-01  3.52113747e-03 
 1.02063775e-01  2.98794034e-03 
 1.02086450e-01  2.46618035e-03 
 1.02109125e-01  1.94058725e-03 
 1.02131800e-01  1.41977768e-03 
 1.02154475e-01  8.99903622e-04 
 1.02177150e-01  3.84015425e-04 
 1.02199825e-01 -1.26800561e-04 
 1.02222500e-01 -6.33638544e-04 
 1.02245175e-01 -1.13520172e-03 
 1.02267850e-01 -1.63200970e-03 
 1.02290525e-01 -2.12416407e-03 
 1.02313200e-01 -2.60892604e-03 
 1.02335875e-01 -3.08931791e-03 
 1.02358550e-01 -3.55956394e-03 
 1.02381225e-01 -4.02500262e-03 
 1.02403900e-01 -4.48028374e-03 
 1.02426575e-01 -4.93379522e-03 
 1.02449250e-01 -5.37201746e-03 
 1.02471925e-01 -5.80919906e-03 
 1.02494600e-01 -6.23701729e-03 
 1.02517275e-01 -6.65549580e-03 
 1.02539950e-01 -7.06854255e-03 
 1.02562625e-01 -7.46499222e-03 
 1.02585300e-01 -7.85862194e-03 
 1.02607975e-01 -8.24546163e-03 
 1.02630650e-01 -8.61924252e-03 
 1.02653325e-01 -8.98712041e-03 
 1.02676000e-01 -9.34315443e-03 
 1.02698675e-01 -9.69194971e-03 
 1.02721350e-01 -1.00309391e-02 
 1.02744025e-01 -1.03596803e-02 
 1.02766700e-01 -1.06842001e-02 
 1.02789375e-01 -1.09941766e-02 
 1.02812050e-01 -1.12961288e-02 
 1.02834725e-01 -1.15862461e-02 
 1.02857400e-01 -1.18665410e-02 
 1.02880075e-01 -1.21387635e-02 
 1.02902750e-01 -1.23981941e-02 
 1.02925425e-01 -1.26514200e-02 
 1.02948100e-01 -1.28942148e-02 
 1.02970775e-01 -1.31277822e-02 
 1.02993450e-01 -1.33496748e-02 
 1.03016125e-01 -1.35608852e-02 
 1.03038800e-01 -1.37633284e-02 
 1.03061475e-01 -1.39551314e-02 
 1.03084150e-01 -1.41420817e-02 
 1.03106825e-01 -1.43121320e-02 
 1.03129500e-01 -1.44750484e-02 
 1.03152175e-01 -1.46289041e-02 
 1.03174850e-01 -1.47716656e-02 
 1.03197525e-01 -1.49041980e-02 
 1.03220200e-01 -1.50285007e-02 
 1.03242875e-01 -1.51402520e-02 
 1.03265550e-01 -1.52490653e-02 
 1.03288225e-01 -1.53393021e-02 
 1.03310900e-01 -1.54247124e-02 
 1.03333575e-01 -1.54998252e-02 
 1.03356250e-01 -1.55634466e-02 
 1.03378925e-01 -1.56192345e-02 
 1.03401600e-01 -1.56644728e-02 
 1.03424275e-01 -1.57027795e-02 
 1.03446950e-01 -1.57253019e-02 
 1.03469625e-01 -1.57417826e-02 
 1.03492300e-01 -1.57489232e-02 
 1.03514975e-01 -1.57460569e-02 
 1.03537650e-01 -1.57356016e-02 
 1.03560325e-01 -1.57104868e-02 
 1.03583000e-01 -1.56807012e-02 
 1.03605675e-01 -1.56412881e-02 
 1.03628350e-01 -1.55884250e-02 
 1.03651025e-01 -1.55313521e-02 
 1.03673700e-01 -1.54582615e-02 
 1.03696375e-01 -1.53794530e-02 
 1.03719050e-01 -1.52894500e-02 
 1.03741725e-01 -1.51940076e-02 
 1.03764400e-01 -1.50847614e-02 
 1.03787075e-01 -1.49690855e-02 
 1.03809750e-01 -1.48392214e-02 
 1.03832425e-01 -1.47066772e-02 
 1.03855100e-01 -1.45585728e-02 
 1.03877775e-01 -1.44092660e-02 
 1.03900450e-01 -1.42410769e-02 
 1.03923125e-01 -1.40694581e-02 
 1.03945800e-01 -1.38827892e-02 
 1.03968475e-01 -1.36934568e-02 
 1.03991150e-01 -1.34946053e-02 
 1.04013825e-01 -1.32819294e-02 
 1.04036500e-01 -1.30612707e-02 
 1.04059175e-01 -1.28324770e-02 
 1.04081850e-01 -1.25948593e-02 
 1.04104525e-01 -1.23446824e-02 
 1.04127200e-01 -1.20908191e-02 
 1.04149875e-01 -1.18253186e-02 
 1.04172550e-01 -1.15499913e-02 
 1.04195225e-01 -1.12618177e-02 
 1.04217900e-01 -1.09736787e-02 
 1.04240575e-01 -1.06711685e-02 
 1.04263250e-01 -1.03592062e-02 
 1.04285925e-01 -1.00436236e-02 
 1.04308600e-01 -9.70905860e-03 
 1.04331275e-01 -9.37653263e-03 
 1.04353950e-01 -9.02873396e-03 
 1.04376625e-01 -8.67813196e-03 
 1.04399300e-01 -8.31237263e-03 
 1.04421975e-01 -7.94301117e-03 
 1.04444650e-01 -7.56415903e-03 
 1.04467325e-01 -7.17916448e-03 
 1.04490000e-01 -6.78649239e-03 
 1.04512675e-01 -6.38142556e-03 
 1.04535350e-01 -5.97539805e-03 
 1.04558025e-01 -5.55603231e-03 
 1.04580700e-01 -5.13229747e-03 
 1.04603375e-01 -4.69829143e-03 
 1.04626050e-01 -4.26628514e-03 
 1.04648725e-01 -3.81956057e-03 
 1.04671400e-01 -3.37248817e-03 
 1.04694075e-01 -2.91341464e-03 
 1.04716750e-01 -2.45097662e-03 
 1.04739425e-01 -1.97998357e-03 
 1.04762100e-01 -1.50496186e-03 
 1.04784775e-01 -1.02788187e-03 
 1.04807450e-01 -5.42815058e-04 
 1.04830125e-01 -4.86780787e-05 
 1.04852800e-01  4.41066674e-04 
 1.04875475e-01  9.40418397e-04 
 1.04898150e-01  1.43713337e-03 
 1.04920825e-01  1.94859564e-03 
 1.04943500e-01  2.45056074e-03 
 1.04966175e-01  2.95755633e-03 
 1.04988850e-01  3.47252750e-03 
 1.05011525e-01  3.98022074e-03 
 1.05034200e-01  4.49735913e-03 
 1.05056875e-01  5.00870433e-03 
 1.05079550e-01  5.52208026e-03 
 1.05102225e-01  6.02910268e-03 
 1.05124900e-01  6.54850159e-03 
 1.05147575e-01  7.04876662e-03 
 1.05170250e-01  7.55635801e-03 
 1.05192925e-01  8.05678867e-03 
 1.05215600e-01  8.55868708e-03 
 1.05238275e-01  9.05453192e-03 
 1.05260950e-01  9.53528088e-03 
 1.05283625e-01  1.00256672e-02 
 1.05306300e-01  1.05005068e-02 
 1.05328975e-01  1.09691342e-02 
 1.05351650e-01  1.14319388e-02 
 1.05374325e-01  1.18875723e-02 
 1.05397000e-01  1.23386320e-02 
 1.05419675e-01  1.27746974e-02 
 1.05442350e-01  1.32008483e-02 
 1.05465025e-01  1.36218823e-02 
 1.05487700e-01  1.40330723e-02 
 1.05510375e-01  1.44255953e-02 
 1.05533050e-01  1.48147639e-02 
 1.05555725e-01  1.51806193e-02 
 1.05578400e-01  1.55438373e-02 
 1.05601075e-01  1.58905826e-02 
 1.05623750e-01  1.62213498e-02 
 1.05646425e-01  1.65374067e-02 
 1.05669100e-01  1.68417727e-02 
 1.05691775e-01  1.71177882e-02 
 1.05714450e-01  1.74009103e-02 
 1.05737125e-01  1.76337709e-02 
 1.05759800e-01  1.78834492e-02 
 1.05782475e-01  1.80949328e-02 
 1.05805150e-01  1.82904131e-02 
 1.05827825e-01  1.84777990e-02 
 1.05850500e-01  1.86333946e-02 
 1.05873175e-01  1.87763112e-02 
 1.05895850e-01  1.89007133e-02 
 1.05918525e-01  1.90031958e-02 
 1.05941200e-01  1.90906195e-02 
 1.05963875e-01  1.91507190e-02 
 1.05986550e-01  1.92008439e-02 
 1.06009225e-01  1.92191050e-02 
 1.06031900e-01  1.92287902e-02 
 1.06054575e-01  1.92062763e-02 
 1.06077250e-01  1.91779204e-02 
 1.06099925e-01  1.91176132e-02 
 1.06122600e-01  1.90389021e-02 
 1.06145275e-01  1.89461832e-02 
 1.06167950e-01  1.88284195e-02 
 1.06190625e-01  1.86880114e-02 
 1.06213300e-01  1.85386746e-02 
 1.06235975e-01  1.83580529e-02 
 1.06258650e-01  1.81643157e-02 
 1.06281325e-01  1.79536287e-02 
 1.06304000e-01  1.77210148e-02 
 1.06326675e-01  1.74750344e-02 
 1.06349350e-01  1.72081637e-02 
 1.06372025e-01  1.69254354e-02 
 1.06394700e-01  1.66219645e-02 
 1.06417375e-01  1.63050972e-02 
 1.06440050e-01  1.59757934e-02 
 1.06462725e-01  1.56245453e-02 
 1.06485400e-01  1.52661746e-02 
 1.06508075e-01  1.48882389e-02 
 1.06530750e-01  1.44955627e-02 
 1.06553425e-01  1.40903655e-02 
 1.06576100e-01  1.36734374e-02 
 1.06598775e-01  1.32537576e-02 
 1.06621450e-01  1.28182089e-02 
 1.06644125e-01  1.23657132e-02 
 1.06666800e-01  1.19096762e-02 
 1.06689475e-01  1.14415343e-02 
 1.06712150e-01  1.09647932e-02 
 1.06734825e-01  1.04809191e-02 
 1.06757500e-01  9.99737918e-03 
 1.06780175e-01  9.49500535e-03 
 1.06802850e-01  8.99612534e-03 
 1.06825525e-01  8.48518075e-03 
 1.06848200e-01  7.97415501e-03 
 1.06870875e-01  7.45644641e-03 
 1.06893550e-01  6.94168724e-03 
 1.06916225e-01  6.40914761e-03 
 1.06938900e-01  5.89215324e-03 
 1.06961575e-01  5.36333445e-03 
 1.06984250e-01  4.83586054e-03 
 1.07006925e-01  4.30120023e-03 
 1.07029600e-01  3.76900967e-03 
 1.07052275e-01  3.24868339e-03 
 1.07074950e-01  2.71714978e-03 
 1.07097625e-01  2.19364565e-03 
 1.07120300e-01  1.66720716e-03 
 1.07142975e-01  1.15406612e-03 
 1.07165650e-01  6.34692611e-04 
 1.07188325e-01  1.18035968e-04 
 1.07211000e-01 -3.86240278e-04 
 1.07233675e-01 -8.92348380e-04 
 1.07256350e-01 -1.39411661e-03 
 1.07279025e-01 -1.88599732e-03 
 1.07301700e-01 -2.37535039e-03 
 1.07324375e-01 -2.85699820e-03 
 1.07347050e-01 -3.33385748e-03 
 1.07369725e-01 -3.80213420e-03 
 1.07392400e-01 -4.26425190e-03 
 1.07415075e-01 -4.71601140e-03 
 1.07437750e-01 -5.16535100e-03 
 1.07460425e-01 -5.60079108e-03 
 1.07483100e-01 -6.03318046e-03 
 1.07505775e-01 -6.45442195e-03 
 1.07528450e-01 -6.87284407e-03 
 1.07551125e-01 -7.27330042e-03 
 1.07573800e-01 -7.67466425e-03 
 1.07596475e-01 -8.06423814e-03 
 1.07619150e-01 -8.44347011e-03 
 1.07641825e-01 -8.81753395e-03 
 1.07664500e-01 -9.17832736e-03 
 1.07687175e-01 -9.52828678e-03 
 1.07709850e-01 -9.87593184e-03 
 1.07732525e-01 -1.02062525e-02 
 1.07755200e-01 -1.05350771e-02 
 1.07777875e-01 -1.08478214e-02 
 1.07800550e-01 -1.11531635e-02 
 1.07823225e-01 -1.14493563e-02 
 1.07845900e-01 -1.17363932e-02 
 1.07868575e-01 -1.20141741e-02 
 1.07891250e-01 -1.22787694e-02 
 1.07913925e-01 -1.25360616e-02 
 1.07936600e-01 -1.27809369e-02 
 1.07959275e-01 -1.30203710e-02 
 1.07981950e-01 -1.32481644e-02 
 1.08004625e-01 -1.34657985e-02 
 1.08027300e-01 -1.36751120e-02 
 1.08049975e-01 -1.38687721e-02 
 1.08072650e-01 -1.40556872e-02 
 1.08095325e-01 -1.42372722e-02 
 1.08118000e-01 -1.44037627e-02 
 1.08140675e-01 -1.45652865e-02 
 1.08163350e-01 -1.47100960e-02 
 1.08186025e-01 -1.48507034e-02 
 1.08208700e-01 -1.49782571e-02 
 1.08231375e-01 -1.50956493e-02 
 1.08254050e-01 -1.52050502e-02 
 1.08276725e-01 -1.53059590e-02 
 1.08299400e-01 -1.53924329e-02 
 1.08322075e-01 -1.54714152e-02 
 1.08344750e-01 -1.55434367e-02 
 1.08367425e-01 -1.56031601e-02 
 1.08390100e-01 -1.56545758e-02 
 1.08412775e-01 -1.56943212e-02 
 1.08435450e-01 -1.57268531e-02 
 1.08458125e-01 -1.57464280e-02 
 1.08480800e-01 -1.57603764e-02 
 1.08503475e-01 -1.57606653e-02 
 1.08526150e-01 -1.57514282e-02 
 1.08548825e-01 -1.57384943e-02 
 1.08571500e-01 -1.57084093e-02 
 1.08594175e-01 -1.56735730e-02 
 1.08616850e-01 -1.56250291e-02 
 1.08639525e-01 -1.55730916e-02 
 1.08662200e-01 -1.55068599e-02 
 1.08684875e-01 -1.54339107e-02 
 1.08707550e-01 -1.53503845e-02 
 1.08730225e-01 -1.52520124e-02 
 1.08752900e-01 -1.51541676e-02 
 1.08775575e-01 -1.50382168e-02 
 1.08798250e-01 -1.49191380e-02 
 1.08820925e-01 -1.47877557e-02 
 1.08843600e-01 -1.46451171e-02 
 1.08866275e-01 -1.44950425e-02 
 1.08888950e-01 -1.43414384e-02 
 1.08911625e-01 -1.41655922e-02 
 1.08934300e-01 -1.39893902e-02 
 1.08956975e-01 -1.38054828e-02 
 1.08979650e-01 -1.36071170e-02 
 1.09000000e-01 -1.34215541e-02 
