 1.00022570e-01  1.53678339e-03 
 1.00045245e-01  3.65432314e-03 
 1.00067920e-01  5.75125731e-03 
 1.00090595e-01  7.74198598e-03 
 1.00113270e-01  9.54623214e-03 
 1.00135945e-01  1.10663579e-02 
 1.00158620e-01  1.22245595e-02 
 1.00181295e-01  1.29421717e-02 
 1.00203970e-01  1.31914402e-02 
 1.00226645e-01  1.29496540e-02 
 1.00249320e-01  1.22261333e-02 
 1.00271995e-01  1.10673020e-02 
 1.00294670e-01  9.54176131e-03 
 1.00317345e-01  7.72714667e-03 
 1.00340020e-01  5.72819994e-03 
 1.00362695e-01  3.61731186e-03 
 1.00385370e-01  1.48868135e-03 
 1.00408045e-01 -5.87632240e-04 
 1.00430720e-01 -2.54354484e-03 
 1.00453395e-01 -4.33168732e-03 
 1.00476070e-01 -5.93809044e-03 
 1.00498745e-01 -7.32712112e-03 
 1.00521420e-01 -8.48854249e-03 
 1.00544095e-01 -9.41506051e-03 
 1.00566770e-01 -1.01045881e-02 
 1.00589445e-01 -1.05518054e-02 
 1.00612120e-01 -1.07530867e-02 
 1.00634795e-01 -1.07182903e-02 
 1.00657470e-01 -1.04376371e-02 
 1.00680145e-01 -9.91958140e-03 
 1.00702820e-01 -9.15937067e-03 
 1.00725495e-01 -8.16483384e-03 
 1.00748170e-01 -6.93805650e-03 
 1.00770845e-01 -5.49169562e-03 
 1.00793520e-01 -3.84181898e-03 
 1.00816195e-01 -2.00996738e-03 
 1.00838870e-01 -2.84943775e-05 
 1.00861545e-01  2.05868348e-03 
 1.00884220e-01  4.18165133e-03 
 1.00906895e-01  6.25863628e-03 
 1.00929570e-01  8.21281003e-03 
 1.00952245e-01  9.95003630e-03 
 1.00974920e-01  1.13920773e-02 
 1.00997595e-01  1.24466701e-02 
 1.01020270e-01  1.30506637e-02 
 1.01042945e-01  1.31736859e-02 
 1.01065620e-01  1.28084600e-02 
 1.01088295e-01  1.19744222e-02 
 1.01110970e-01  1.07164026e-02 
 1.01133645e-01  9.11216960e-03 
 1.01156320e-01  7.24231776e-03 
 1.01178995e-01  5.20670488e-03 
 1.01201670e-01  3.08576155e-03 
 1.01224345e-01  9.58750245e-04 
 1.01247020e-01 -1.08615333e-03 
 1.01269695e-01 -3.00882694e-03 
 1.01292370e-01 -4.75036479e-03 
 1.01315045e-01 -6.30707688e-03 
 1.01337720e-01 -7.63905975e-03 
 1.01360395e-01 -8.74417236e-03 
 1.01383070e-01 -9.61253628e-03 
 1.01405745e-01 -1.02381734e-02 
 1.01428420e-01 -1.06258000e-02 
 1.01451095e-01 -1.07710391e-02 
 1.01473770e-01 -1.06721811e-02 
 1.01496445e-01 -1.03357110e-02 
 1.01519120e-01 -9.75527785e-03 
 1.01541795e-01 -8.93774120e-03 
 1.01564470e-01 -7.88107433e-03 
 1.01587145e-01 -6.60257155e-03 
 1.01609820e-01 -5.10195990e-03 
 1.01632495e-01 -3.40519572e-03 
 1.01655170e-01 -1.53103570e-03 
 1.01677845e-01  4.82066478e-04 
 1.01700520e-01  2.58264099e-03 
 1.01723195e-01  4.70298623e-03 
 1.01745870e-01  6.75445558e-03 
 1.01768545e-01  8.66581967e-03 
 1.01791220e-01  1.03370929e-02 
 1.01813895e-01  1.16915513e-02 
 1.01836570e-01  1.26339721e-02 
 1.01859245e-01  1.31262422e-02 
 1.01881920e-01  1.31247399e-02 
 1.01904595e-01  1.26435107e-02 
 1.01927270e-01  1.16982243e-02 
 1.01949945e-01  1.03428747e-02 
 1.01972620e-01  8.66358974e-03 
 1.01995295e-01  6.74526525e-03 
 1.02017970e-01  4.68146140e-03 
 1.02040645e-01  2.55029143e-03 
 1.02063320e-01  4.39171136e-04 
 1.02085995e-01 -1.58182769e-03 
 1.02108670e-01 -3.46103715e-03 
 1.02131345e-01 -5.16306926e-03 
 1.02154020e-01 -6.66058611e-03 
 1.02176695e-01 -7.94015618e-03 
 1.02199370e-01 -8.98492333e-03 
 1.02222045e-01 -9.79301029e-03 
 1.02244720e-01 -1.03606897e-02 
 1.02267395e-01 -1.06869867e-02 
 1.02290070e-01 -1.07706193e-02 
 1.02312745e-01 -1.06114651e-02 
 1.02335420e-01 -1.02142386e-02 
 1.02358095e-01 -9.57478580e-03 
 1.02380770e-01 -8.70044688e-03 
 1.02403445e-01 -7.58821289e-03 
 1.02426120e-01 -6.25171401e-03 
 1.02448795e-01 -4.70155480e-03 
 1.02471470e-01 -2.95614250e-03 
 1.02494145e-01 -1.04654552e-03 
 1.02516820e-01  9.98201510e-04 
 1.02539495e-01  3.11170872e-03 
 1.02562170e-01  5.22160732e-03 
 1.02584845e-01  7.24558596e-03 
 1.02607520e-01  9.10322858e-03 
 1.02630195e-01  1.07072558e-02 
 1.02652870e-01  1.19604649e-02 
 1.02675545e-01  1.28035796e-02 
 1.02698220e-01  1.31693867e-02 
 1.02720895e-01  1.30494812e-02 
 1.02743570e-01  1.24457392e-02 
 1.02766245e-01  1.13932180e-02 
 1.02788920e-01  9.94943267e-03 
 1.02811595e-01  8.20342171e-03 
 1.02834270e-01  6.23892108e-03 
 1.02856945e-01  4.15198257e-03 
 1.02879620e-01  2.01927178e-03 
 1.02902295e-01 -7.48147048e-05 
 1.02924970e-01 -2.06569130e-03 
 1.02947645e-01 -3.90334974e-03 
 1.02970320e-01 -5.55734687e-03 
 1.02992995e-01 -7.00132886e-03 
 1.03015670e-01 -8.22228939e-03 
 1.03038345e-01 -9.21072866e-03 
 1.03061020e-01 -9.95908933e-03 
 1.03083695e-01 -1.04656986e-02 
 1.03106370e-01 -1.07319750e-02 
 1.03129045e-01 -1.07561373e-02 
 1.03151720e-01 -1.05393463e-02 
 1.03174395e-01 -1.00797113e-02 
 1.03197070e-01 -9.38170412e-03 
 1.03219745e-01 -8.44606464e-03 
 1.03242420e-01 -7.27750781e-03 
 1.03265095e-01 -5.88634223e-03 
 1.03287770e-01 -4.28486514e-03 
 1.03310445e-01 -2.49888615e-03 
 1.03333120e-01 -5.48276365e-04 
 1.03355795e-01  1.51436292e-03 
 1.03378470e-01  3.63421117e-03 
 1.03401145e-01  5.73337903e-03 
 1.03423820e-01  7.72406809e-03 
 1.03446495e-01  9.52625230e-03 
 1.03469170e-01  1.10503678e-02 
 1.03491845e-01  1.22065693e-02 
 1.03514520e-01  1.29349039e-02 
 1.03537195e-01  1.31882453e-02 
 1.03559870e-01  1.29437058e-02 
 1.03582545e-01  1.22174425e-02 
 1.03605220e-01  1.10666001e-02 
 1.03627895e-01  9.53711651e-03 
 1.03650570e-01  7.72701119e-03 
 1.03673245e-01  5.72812408e-03 
 1.03695920e-01  3.62072447e-03 
 1.03718595e-01  1.48946232e-03 
 1.03741270e-01 -5.85210738e-04 
 1.03763945e-01 -2.54261414e-03 
 1.03786620e-01 -4.33246859e-03 
 1.03809295e-01 -5.94154871e-03 
 1.03831970e-01 -7.32642698e-03 
 1.03854645e-01 -8.49390515e-03 
 1.03877320e-01 -9.42056736e-03 
 1.03899995e-01 -1.01112456e-02 
 1.03922670e-01 -1.05587180e-02 
 1.03945345e-01 -1.07633245e-02 
 1.03968020e-01 -1.07254612e-02 
 1.03990695e-01 -1.04479603e-02 
 1.04013370e-01 -9.92985807e-03 
 1.04036045e-01 -9.17308064e-03 
 1.04058720e-01 -8.17956616e-03 
 1.04081395e-01 -6.95445163e-03 
 1.04104070e-01 -5.51036977e-03 
 1.04126745e-01 -3.85746449e-03 
 1.04149420e-01 -2.03086624e-03 
 1.04172095e-01 -4.75494647e-05 
 1.04194770e-01  2.04049182e-03 
 1.04217445e-01  4.16014319e-03 
 1.04240120e-01  6.23805958e-03 
 1.04262795e-01  8.19423210e-03 
 1.04285470e-01  9.94100871e-03 
 1.04308145e-01  1.13743546e-02 
 1.04330820e-01  1.24319926e-02 
 1.04353495e-01  1.30422460e-02 
 1.04376170e-01  1.31672369e-02 
 1.04398845e-01  1.28017533e-02 
 1.04421520e-01  1.19689225e-02 
 1.04444195e-01  1.07176319e-02 
 1.04466870e-01  9.10917067e-03 
 1.04489545e-01  7.23945730e-03 
 1.04512220e-01  5.20928971e-03 
 1.04534895e-01  3.08505618e-03 
 1.04557570e-01  9.63427865e-04 
 1.04580245e-01 -1.08762754e-03 
 1.04602920e-01 -3.00564271e-03 
 1.04625595e-01 -4.75492601e-03 
 1.04648270e-01 -6.30751323e-03 
 1.04670945e-01 -7.64189822e-03 
 1.04693620e-01 -8.74793473e-03 
 1.04716295e-01 -9.61681130e-03 
 1.04738970e-01 -1.02472144e-02 
 1.04761645e-01 -1.06336575e-02 
 1.04784320e-01 -1.07794168e-02 
 1.04806995e-01 -1.06814871e-02 
 1.04829670e-01 -1.03469724e-02 
 1.04852345e-01 -9.76672392e-03 
 1.04875020e-01 -8.95118025e-03 
 1.04897695e-01 -7.89765982e-03 
 1.04920370e-01 -6.61781218e-03 
 1.04943045e-01 -5.11836918e-03 
 1.04965720e-01 -3.42028967e-03 
 1.04988395e-01 -1.54935368e-03 
 1.05011070e-01  4.62574274e-04 
 1.05033745e-01  2.56154456e-03 
 1.05056420e-01  4.68476660e-03 
 1.05079095e-01  6.73609891e-03 
 1.05101770e-01  8.64855830e-03 
 1.05124445e-01  1.03206063e-02 
 1.05147120e-01  1.16741898e-02 
 1.05169795e-01  1.26216290e-02 
 1.05192470e-01  1.31177757e-02 
 1.05215145e-01  1.31206560e-02 
 1.05237820e-01  1.26373539e-02 
 1.05260495e-01  1.16931555e-02 
 1.05283170e-01  1.03434362e-02 
 1.05305845e-01  8.66166034e-03 
 1.05328520e-01  6.74674986e-03 
 1.05351195e-01  4.68380970e-03 
 1.05373870e-01  2.55101142e-03 
 1.05396545e-01  4.43329110e-04 
 1.05419220e-01 -1.58293212e-03 
 1.05441895e-01 -3.45739928e-03 
 1.05464570e-01 -5.16406375e-03 
 1.05487245e-01 -6.65971266e-03 
 1.05509920e-01 -7.94413952e-03 
 1.05532595e-01 -8.98773662e-03 
 1.05555270e-01 -9.79847368e-03 
 1.05577945e-01 -1.03655011e-02 
 1.05600620e-01 -1.06915488e-02 
 1.05623295e-01 -1.07793887e-02 
 1.05645970e-01 -1.06226332e-02 
 1.05668645e-01 -1.02249940e-02 
 1.05691320e-01 -9.58816914e-03 
 1.05713995e-01 -8.71190163e-03 
 1.05736670e-01 -7.60288753e-03 
 1.05759345e-01 -6.26560849e-03 
 1.05782020e-01 -4.71722202e-03 
 1.05804695e-01 -2.97444861e-03 
 1.05827370e-01 -1.06362821e-03 
 1.05850045e-01  9.80658676e-04 
 1.05872720e-01  3.09099010e-03 
 1.05895395e-01  5.20126950e-03 
 1.05918070e-01  7.22743202e-03 
 1.05940745e-01  9.08800751e-03 
 1.05963420e-01  1.06897612e-02 
 1.05986095e-01  1.19476026e-02 
 1.06008770e-01  1.27913304e-02 
 1.06031445e-01  1.31576674e-02 
 1.06054120e-01  1.30469696e-02 
 1.06076795e-01  1.24390769e-02 
 1.06099470e-01  1.13919655e-02 
 1.06122145e-01  9.95083841e-03 
 1.06144820e-01  8.20553416e-03 
 1.06167495e-01  6.24148762e-03 
 1.06190170e-01  4.15422046e-03 
 1.06212845e-01  2.01916861e-03 
 1.06235520e-01 -7.27687037e-05 
 1.06258195e-01 -2.06656212e-03 
 1.06280870e-01 -3.90301968e-03 
 1.06303545e-01 -5.55636233e-03 
 1.06326220e-01 -7.00259080e-03 
 1.06348895e-01 -8.22789910e-03 
 1.06371570e-01 -9.21549034e-03 
 1.06394245e-01 -9.96356079e-03 
 1.06416920e-01 -1.04738302e-02 
 1.06439595e-01 -1.07401365e-02 
 1.06462270e-01 -1.07661181e-02 
 1.06484945e-01 -1.05497965e-02 
 1.06507620e-01 -1.00920095e-02 
 1.06530295e-01 -9.39492027e-03 
 1.06552970e-01 -8.45870164e-03 
 1.06575645e-01 -7.29460767e-03 
 1.06598320e-01 -5.89996649e-03 
 1.06620995e-01 -4.30147809e-03 
 1.06643670e-01 -2.51321834e-03 
 1.06666345e-01 -5.66871598e-04 
 1.06689020e-01  1.49676794e-03 
 1.06711695e-01  3.61683291e-03 
 1.06734370e-01  5.71545504e-03 
 1.06757045e-01  7.70888999e-03 
 1.06779720e-01  9.50827215e-03 
 1.06802395e-01  1.10379527e-02 
 1.06825070e-01  1.21954422e-02 
 1.06847745e-01  1.29220792e-02 
 1.06870420e-01  1.31742425e-02 
 1.06893095e-01  1.29356929e-02 
 1.06915770e-01  1.22175864e-02 
 1.06938445e-01  1.10631826e-02 
 1.06961120e-01  9.53975596e-03 
 1.06983795e-01  7.72957285e-03 
 1.07006470e-01  5.72934024e-03 
 1.07029145e-01  3.62416376e-03 
 1.07051820e-01  1.49077869e-03 
 1.07074495e-01 -5.82875807e-04 
 1.07097170e-01 -2.54303218e-03 
 1.07119845e-01 -4.33351496e-03 
 1.07142520e-01 -5.94100843e-03 
 1.07165195e-01 -7.32964375e-03 
 1.07187870e-01 -8.49843512e-03 
 1.07210545e-01 -9.42472994e-03 
 1.07233220e-01 -1.01150421e-02 
 1.07255895e-01 -1.05636594e-02 
 1.07278570e-01 -1.07694919e-02 
 1.07301245e-01 -1.07349247e-02 
 1.07323920e-01 -1.04578576e-02 
 1.07346595e-01 -9.94282072e-03 
 1.07369270e-01 -9.18586345e-03 
 1.07391945e-01 -8.19388144e-03 
 1.07414620e-01 -6.96750615e-03 
 1.07437295e-01 -5.52477901e-03 
 1.07459970e-01 -3.87444347e-03 
 1.07482645e-01 -2.04782742e-03 
 1.07505320e-01 -6.26705163e-05 
 1.07527995e-01  2.01912967e-03 
 1.07550670e-01  4.14261119e-03 
 1.07573345e-01  6.21851384e-03 
 1.07596020e-01  8.17596006e-03 
 1.07618695e-01  9.91403283e-03 
 1.07641370e-01  1.13564373e-02 
 1.07664045e-01  1.24155118e-02 
 1.07686720e-01  1.30297392e-02 
 1.07709395e-01  1.31592624e-02 
 1.07732070e-01  1.27971556e-02 
 1.07754745e-01  1.19677239e-02 
 1.07777420e-01  1.07156556e-02 
 1.07800095e-01  9.10989768e-03 
 1.07822770e-01  7.24376722e-03 
 1.07845445e-01  5.21072262e-03 
 1.07868120e-01  3.08652977e-03 
 1.07890795e-01  9.63558419e-04 
 1.07913470e-01 -1.08786608e-03 
 1.07936145e-01 -3.00322346e-03 
 1.07958820e-01 -4.75637793e-03 
 1.07981495e-01 -6.30723793e-03 
 1.08004170e-01 -7.64614518e-03 
 1.08026845e-01 -8.75187569e-03 
 1.08049520e-01 -9.62314918e-03 
 1.08072195e-01 -1.02516282e-02 
 1.08094870e-01 -1.06402425e-02 
 1.08117545e-01 -1.07867665e-02 
 1.08140220e-01 -1.06918023e-02 
 1.08162895e-01 -1.03529909e-02 
 1.08185570e-01 -9.77808695e-03 
 1.08208245e-01 -8.96295276e-03 
 1.08230920e-01 -7.91208986e-03 
 1.08253595e-01 -6.63293232e-03 
 1.08276270e-01 -5.13570772e-03 
 1.08298945e-01 -3.43892956e-03 
 1.08321620e-01 -1.56639075e-03 
 1.08344295e-01  4.47014921e-04 
 1.08366970e-01  2.54550832e-03 
 1.08389645e-01  4.66537836e-03 
 1.08412320e-01  6.72317101e-03 
 1.08434995e-01  8.62949927e-03 
 1.08457670e-01  1.03063212e-02 
 1.08480345e-01  1.16596121e-02 
 1.08503020e-01  1.26119622e-02 
 1.08525695e-01  1.31040666e-02 
 1.08548370e-01  1.31115121e-02 
 1.08571045e-01  1.26334783e-02 
 1.08593720e-01  1.16903292e-02 
 1.08616395e-01  1.03381619e-02 
 1.08639070e-01  8.66422828e-03 
 1.08661745e-01  6.74585526e-03 
 1.08684420e-01  4.68794081e-03 
 1.08707095e-01  2.55547675e-03 
 1.08729770e-01  4.43764131e-04 
 1.08752445e-01 -1.58106479e-03 
 1.08775120e-01 -3.45986584e-03 
 1.08797795e-01 -5.16293833e-03 
 1.08820470e-01 -6.66481267e-03 
 1.08843145e-01 -7.94327276e-03 
 1.08865820e-01 -8.99256681e-03 
 1.08888495e-01 -9.80099553e-03 
 1.08911170e-01 -1.03741153e-02 
 1.08933845e-01 -1.06993971e-02 
 1.08956520e-01 -1.07886470e-02 
 1.08979195e-01 -1.06336261e-02 
 1.09000000e-01 -1.02770129e-02 
