 1.00019506e-01 -1.64578950e-02 
 1.00042181e-01  1.90024747e-02 
 1.00064856e-01  5.50888488e-02 
 1.00087531e-01  8.84137169e-02 
 1.00110206e-01  1.17579808e-01 
 1.00132881e-01  1.41447592e-01 
 1.00155556e-01  1.59353689e-01 
 1.00178231e-01  1.70749466e-01 
 1.00200906e-01  1.75328328e-01 
 1.00223581e-01  1.72967781e-01 
 1.00246256e-01  1.63727265e-01 
 1.00268931e-01  1.47851811e-01 
 1.00291606e-01  1.25798905e-01 
 1.00314281e-01  9.82337649e-02 
 1.00336956e-01  6.60699085e-02 
 1.00359631e-01  3.06294181e-02 
 1.00382306e-01 -5.80649808e-03 
 1.00404981e-01 -3.74119706e-02 
 1.00427656e-01 -5.62453557e-02 
 1.00450331e-01 -6.66442020e-02 
 1.00473006e-01 -7.30127405e-02 
 1.00495681e-01 -7.72314776e-02 
 1.00518356e-01 -8.01975476e-02 
 1.00541031e-01 -8.21976022e-02 
 1.00563706e-01 -8.35419063e-02 
 1.00586381e-01 -8.43581120e-02 
 1.00609056e-01 -8.47185059e-02 
 1.00631731e-01 -8.46503574e-02 
 1.00654406e-01 -8.41577992e-02 
 1.00677081e-01 -8.32066997e-02 
 1.00699756e-01 -8.17297861e-02 
 1.00722431e-01 -7.96000189e-02 
 1.00745106e-01 -7.66018723e-02 
 1.00767781e-01 -7.23412943e-02 
 1.00790456e-01 -6.59576808e-02 
 1.00813131e-01 -5.58604206e-02 
 1.00835806e-01 -3.81810926e-02 
 1.00858481e-01 -8.18645970e-03 
 1.00881156e-01  2.80152038e-02 
 1.00903831e-01  6.35498790e-02 
 1.00926506e-01  9.60133364e-02 
 1.00949181e-01  1.23905424e-01 
 1.00971856e-01  1.46369794e-01 
 1.00994531e-01  1.62685780e-01 
 1.01017206e-01  1.72419939e-01 
 1.01039881e-01  1.75267661e-01 
 1.01062556e-01  1.71187754e-01 
 1.01085231e-01  1.60259406e-01 
 1.01107906e-01  1.42796649e-01 
 1.01130581e-01  1.19298625e-01 
 1.01153256e-01  9.04983835e-02 
 1.01175931e-01  5.73769151e-02 
 1.01198606e-01  2.13950542e-02 
 1.01221281e-01 -1.46200801e-02 
 1.01243956e-01 -4.34061113e-02 
 1.01266631e-01 -5.94855930e-02 
 1.01289306e-01 -6.86186512e-02 
 1.01311981e-01 -7.43385737e-02 
 1.01334656e-01 -7.81814871e-02 
 1.01357331e-01 -8.08849392e-02 
 1.01380006e-01 -8.27084167e-02 
 1.01402681e-01 -8.39109395e-02 
 1.01425356e-01 -8.46092232e-02 
 1.01448031e-01 -8.48611734e-02 
 1.01470706e-01 -8.46887321e-02 
 1.01493381e-01 -8.40860752e-02 
 1.01516056e-01 -8.30119660e-02 
 1.01538731e-01 -8.13874966e-02 
 1.01561406e-01 -7.90666942e-02 
 1.01584081e-01 -7.58016943e-02 
 1.01606756e-01 -7.11300858e-02 
 1.01629431e-01 -6.40169407e-02 
 1.01652106e-01 -5.25111549e-02 
 1.01674781e-01 -3.19526797e-02 
 1.01697456e-01  4.58127213e-04 
 1.01720131e-01  3.69661270e-02 
 1.01742806e-01  7.18416004e-02 
 1.01765481e-01  1.03308853e-01 
 1.01788156e-01  1.29904342e-01 
 1.01810831e-01  1.50913094e-01 
 1.01833506e-01  1.65611744e-01 
 1.01856181e-01  1.73658745e-01 
 1.01878856e-01  1.74778794e-01 
 1.01901531e-01  1.68986731e-01 
 1.01924206e-01  1.56387316e-01 
 1.01946881e-01  1.37374226e-01 
 1.01969556e-01  1.12478129e-01 
 1.01992231e-01  8.24920655e-02 
 1.02014906e-01  4.84980301e-02 
 1.02037581e-01  1.21695056e-02 
 1.02060256e-01 -2.30460890e-02 
 1.02082931e-01 -4.85476362e-02 
 1.02105606e-01 -6.23171443e-02 
 1.02128281e-01 -7.03983292e-02 
 1.02150956e-01 -7.55501052e-02 
 1.02173631e-01 -7.90580162e-02 
 1.02196306e-01 -8.15211759e-02 
 1.02218981e-01 -8.31787195e-02 
 1.02241656e-01 -8.42477281e-02 
 1.02264331e-01 -8.48312834e-02 
 1.02287006e-01 -8.49757350e-02 
 1.02309681e-01 -8.46985921e-02 
 1.02332356e-01 -8.39836226e-02 
 1.02355031e-01 -8.27823579e-02 
 1.02377706e-01 -8.10005228e-02 
 1.02400381e-01 -7.84738124e-02 
 1.02423056e-01 -7.49135861e-02 
 1.02445731e-01 -6.97105793e-02 
 1.02468406e-01 -6.18100083e-02 
 1.02491081e-01 -4.86262290e-02 
 1.02513756e-01 -2.48654727e-02 
 1.02536431e-01  9.34041461e-03 
 1.02559106e-01  4.57875782e-02 
 1.02581781e-01  7.99243213e-02 
 1.02604456e-01  1.10302220e-01 
 1.02627131e-01  1.35561794e-01 
 1.02649806e-01  1.55063936e-01 
 1.02672481e-01  1.68134229e-01 
 1.02695156e-01  1.74469897e-01 
 1.02717831e-01  1.73863397e-01 
 1.02740506e-01  1.66355521e-01 
 1.02763181e-01  1.52126713e-01 
 1.02785856e-01  1.31584083e-01 
 1.02808531e-01  1.05339616e-01 
 1.02831206e-01  7.42401133e-02 
 1.02853881e-01  3.94674417e-02 
 1.02876556e-01  2.96618613e-03 
 1.02899231e-01 -3.08373203e-02 
 1.02921906e-01 -5.29473195e-02 
 1.02944581e-01 -6.48159742e-02 
 1.02967256e-01 -7.20040212e-02 
 1.02989931e-01 -7.66627275e-02 
 1.03012606e-01 -7.98654181e-02 
 1.03035281e-01 -8.21109802e-02 
 1.03057956e-01 -8.36116632e-02 
 1.03080631e-01 -8.45519811e-02 
 1.03103306e-01 -8.50239275e-02 
 1.03125981e-01 -8.50630549e-02 
 1.03148656e-01 -8.46793571e-02 
 1.03171331e-01 -8.38493475e-02 
 1.03194006e-01 -8.25147854e-02 
 1.03216681e-01 -8.05661153e-02 
 1.03239356e-01 -7.78168064e-02 
 1.03262031e-01 -7.39277159e-02 
 1.03284706e-01 -6.81828561e-02 
 1.03307381e-01 -5.92893381e-02 
 1.03330056e-01 -4.40788284e-02 
 1.03352731e-01 -1.70936241e-02 
 1.03375406e-01  1.83485066e-02 
 1.03398081e-01  5.44480532e-02 
 1.03420756e-01  8.77857651e-02 
 1.03443431e-01  1.16976398e-01 
 1.03466106e-01  1.40874137e-01 
 1.03488781e-01  1.58810368e-01 
 1.03511456e-01  1.70236717e-01 
 1.03534131e-01  1.74851665e-01 
 1.03556806e-01  1.72524372e-01 
 1.03579481e-01  1.63313492e-01 
 1.03602156e-01  1.47470949e-01 
 1.03624831e-01  1.25444389e-01 
 1.03647506e-01  9.79040657e-02 
 1.03670181e-01  6.57627511e-02 
 1.03692856e-01  3.03282536e-02 
 1.03715531e-01 -6.10716194e-03 
 1.03738206e-01 -3.77622169e-02 
 1.03760881e-01 -5.66544974e-02 
 1.03783556e-01 -6.70772481e-02 
 1.03806231e-01 -7.34598867e-02 
 1.03828906e-01 -7.76856107e-02 
 1.03851581e-01 -8.06577746e-02 
 1.03874256e-01 -8.26611662e-02 
 1.03896931e-01 -8.40075277e-02 
 1.03919606e-01 -8.48255933e-02 
 1.03942281e-01 -8.51881434e-02 
 1.03964956e-01 -8.51218336e-02 
 1.03987631e-01 -8.46307923e-02 
 1.04010306e-01 -8.36818117e-02 
 1.04032981e-01 -8.22073166e-02 
 1.04055656e-01 -8.00814316e-02 
 1.04078331e-01 -7.70874374e-02 
 1.04101006e-01 -7.28341803e-02 
 1.04123681e-01 -6.64638541e-02 
 1.04146356e-01 -5.63916569e-02 
 1.04169031e-01 -3.87607011e-02 
 1.04191706e-01 -8.82194452e-03 
 1.04214381e-01  2.73714245e-02 
 1.04237056e-01  6.29184665e-02 
 1.04259731e-01  9.54002783e-02 
 1.04282406e-01  1.23316501e-01 
 1.04305081e-01  1.45815011e-01 
 1.04327756e-01  1.62150450e-01 
 1.04350431e-01  1.71925127e-01 
 1.04373106e-01  1.74800045e-01 
 1.04395781e-01  1.70759833e-01 
 1.04418456e-01  1.59856432e-01 
 1.04441131e-01  1.42430779e-01 
 1.04463806e-01  1.18958835e-01 
 1.04486481e-01  9.01709435e-02 
 1.04509156e-01  5.70779557e-02 
 1.04531831e-01  2.11084256e-02 
 1.04554506e-01 -1.49257445e-02 
 1.04577181e-01 -4.37661206e-02 
 1.04599856e-01 -5.98931803e-02 
 1.04622531e-01 -6.90493089e-02 
 1.04645206e-01 -7.47803760e-02 
 1.04667881e-01 -7.86297364e-02 
 1.04690556e-01 -8.13377144e-02 
 1.04713231e-01 -8.31641621e-02 
 1.04735906e-01 -8.43696460e-02 
 1.04758581e-01 -8.50698531e-02 
 1.04781256e-01 -8.53236436e-02 
 1.04803931e-01 -8.51533766e-02 
 1.04826606e-01 -8.45517097e-02 
 1.04849281e-01 -8.34805845e-02 
 1.04871956e-01 -8.18581440e-02 
 1.04894631e-01 -7.95417528e-02 
 1.04917306e-01 -7.62805335e-02 
 1.04939981e-01 -7.16181063e-02 
 1.04962656e-01 -6.45182750e-02 
 1.04985331e-01 -5.30436352e-02 
 1.05008006e-01 -3.25435499e-02 
 1.05030681e-01 -1.78158743e-04 
 1.05053356e-01  3.63391712e-02 
 1.05076031e-01  7.12150387e-02 
 1.05098706e-01  1.02713501e-01 
 1.05121381e-01  1.29330264e-01 
 1.05144056e-01  1.50371142e-01 
 1.05166731e-01  1.65098144e-01 
 1.05189406e-01  1.73174398e-01 
 1.05212081e-01  1.74332389e-01 
 1.05234756e-01  1.68567067e-01 
 1.05257431e-01  1.56005214e-01 
 1.05280106e-01  1.37019478e-01 
 1.05302781e-01  1.12154574e-01 
 1.05325456e-01  8.21884728e-02 
 1.05348131e-01  4.82076452e-02 
 1.05370806e-01  1.18875667e-02 
 1.05393481e-01 -2.33252383e-02 
 1.05416156e-01 -4.89157524e-02 
 1.05438831e-01 -6.27244934e-02 
 1.05461506e-01 -7.08235138e-02 
 1.05484181e-01 -7.59864896e-02 
 1.05506856e-01 -7.94990855e-02 
 1.05529531e-01 -8.19675265e-02 
 1.05552206e-01 -8.36279144e-02 
 1.05574881e-01 -8.46985815e-02 
 1.05597556e-01 -8.52842323e-02 
 1.05620231e-01 -8.54310120e-02 
 1.05642906e-01 -8.51554231e-02 
 1.05665581e-01 -8.44427102e-02 
 1.05688256e-01 -8.32428892e-02 
 1.05710931e-01 -8.14650968e-02 
 1.05733606e-01 -7.89416973e-02 
 1.05756281e-01 -7.53873749e-02 
 1.05778956e-01 -7.01942991e-02 
 1.05801631e-01 -6.23111475e-02 
 1.05824306e-01 -4.91589368e-02 
 1.05846981e-01 -2.54608304e-02 
 1.05869656e-01  8.71152246e-03 
 1.05892331e-01  4.51695741e-02 
 1.05915006e-01  7.93177149e-02 
 1.05937681e-01  1.09716721e-01 
 1.05960356e-01  1.34997789e-01 
 1.05983031e-01  1.54539456e-01 
 1.06005706e-01  1.67631802e-01 
 1.06028381e-01  1.74005641e-01 
 1.06051056e-01  1.73428993e-01 
 1.06073731e-01  1.65955129e-01 
 1.06096406e-01  1.51758635e-01 
 1.06119081e-01  1.31243634e-01 
 1.06141756e-01  1.05027992e-01 
 1.06164431e-01  7.39464754e-02 
 1.06187106e-01  3.91920325e-02 
 1.06209781e-01  2.68895842e-03 
 1.06232456e-01 -3.11463811e-02 
 1.06255131e-01 -5.33228536e-02 
 1.06277806e-01 -6.52234043e-02 
 1.06300481e-01 -7.24264010e-02 
 1.06323156e-01 -7.70921559e-02 
 1.06345831e-01 -8.03012249e-02 
 1.06368506e-01 -8.25504436e-02 
 1.06391181e-01 -8.40538573e-02 
 1.06413856e-01 -8.49967526e-02 
 1.06436531e-01 -8.54699997e-02 
 1.06459206e-01 -8.55114034e-02 
 1.06481881e-01 -8.51293852e-02 
 1.06504556e-01 -8.43013691e-02 
 1.06527231e-01 -8.29689774e-02 
 1.06549906e-01 -8.10245211e-02 
 1.06572581e-01 -7.82780269e-02 
 1.06595256e-01 -7.43961347e-02 
 1.06617931e-01 -6.86608820e-02 
 1.06640606e-01 -5.97894229e-02 
 1.06663281e-01 -4.46203086e-02 
 1.06685956e-01 -1.76926074e-02 
 1.06708631e-01  1.77302259e-02 
 1.06731306e-01  5.38357657e-02 
 1.06753981e-01  8.71893441e-02 
 1.06776656e-01  1.16404413e-01 
 1.06799331e-01  1.40324920e-01 
 1.06822006e-01  1.58300086e-01 
 1.06844681e-01  1.69753482e-01 
 1.06867356e-01  1.74404288e-01 
 1.06890031e-01  1.72107816e-01 
 1.06912706e-01  1.62931271e-01 
 1.06935381e-01  1.47120765e-01 
 1.06958056e-01  1.25119574e-01 
 1.06980731e-01  9.76052600e-02 
 1.07003406e-01  6.54817101e-02 
 1.07026081e-01  3.00591903e-02 
 1.07048756e-01 -6.38085532e-03 
 1.07071431e-01 -3.80844617e-02 
 1.07094106e-01 -5.70307861e-02 
 1.07116781e-01 -6.74811844e-02 
 1.07139456e-01 -7.38767409e-02 
 1.07162131e-01 -7.81091737e-02 
 1.07184806e-01 -8.10867895e-02 
 1.07207481e-01 -8.30936908e-02 
 1.07230156e-01 -8.44424587e-02 
 1.07252831e-01 -8.52631761e-02 
 1.07275506e-01 -8.56271324e-02 
 1.07298181e-01 -8.55630179e-02 
 1.07320856e-01 -8.50739130e-02 
 1.07343531e-01 -8.41268951e-02 
 1.07366206e-01 -8.26549313e-02 
 1.07388881e-01 -8.05324778e-02 
 1.07411556e-01 -7.75431737e-02 
 1.07434231e-01 -7.32975487e-02 
 1.07456906e-01 -6.69385327e-02 
 1.07479581e-01 -5.68916731e-02 
 1.07502256e-01 -3.93099256e-02 
 1.07524931e-01 -9.42151253e-03 
 1.07547606e-01  2.67535333e-02 
 1.07570281e-01  6.23191091e-02 
 1.07592956e-01  9.48162954e-02 
 1.07615631e-01  1.22756550e-01 
 1.07638306e-01  1.45281991e-01 
 1.07660981e-01  1.61658068e-01 
 1.07683656e-01  1.71453405e-01 
 1.07706331e-01  1.74368601e-01 
 1.07729006e-01  1.70357322e-01 
 1.07751681e-01  1.59492646e-01 
 1.07774356e-01  1.42094315e-01 
 1.07797031e-01  1.18649903e-01 
 1.07819706e-01  8.98908204e-02 
 1.07842381e-01  5.68106045e-02 
 1.07865056e-01  2.08715601e-02 
 1.07887731e-01 -1.52008993e-02 
 1.07910406e-01 -4.40923430e-02 
 1.07933081e-01 -6.02748065e-02 
 1.07955756e-01 -6.94487836e-02 
 1.07978431e-01 -7.51931230e-02 
 1.08001106e-01 -7.90479702e-02 
 1.08023781e-01 -8.17607310e-02 
 1.08046456e-01 -8.35905455e-02 
 1.08069131e-01 -8.47977722e-02 
 1.08091806e-01 -8.55006038e-02 
 1.08114481e-01 -8.57559852e-02 
 1.08137156e-01 -8.55873644e-02 
 1.08159831e-01 -8.49880407e-02 
 1.08182506e-01 -8.39186537e-02 
 1.08205181e-01 -8.22997649e-02 
 1.08227856e-01 -7.99860033e-02 
 1.08250531e-01 -7.67300765e-02 
 1.08273206e-01 -7.20764862e-02 
 1.08295881e-01 -6.49901316e-02 
 1.08318556e-01 -5.35484104e-02 
 1.08341231e-01 -3.31035754e-02 
 1.08363906e-01 -7.83138526e-04 
 1.08386581e-01  3.57344996e-02 
 1.08409256e-01  7.06209886e-02 
 1.08431931e-01  1.02145219e-01 
 1.08454606e-01  1.28783934e-01 
 1.08477281e-01  1.49854954e-01 
 1.08499956e-01  1.64614483e-01 
 1.08522631e-01  1.72723845e-01 
 1.08545306e-01  1.73917027e-01 
 1.08567981e-01  1.68180651e-01 
 1.08590656e-01  1.55651296e-01 
 1.08613331e-01  1.36698932e-01 
 1.08636006e-01  1.11855496e-01 
 1.08658681e-01  8.19167140e-02 
 1.08681356e-01  4.79515712e-02 
 1.08704031e-01  1.16335655e-02 
 1.08726706e-01 -2.35971904e-02 
 1.08749381e-01 -4.92552429e-02 
 1.08772056e-01 -6.31024825e-02 
 1.08794731e-01 -7.12202840e-02 
 1.08817406e-01 -7.63932475e-02 
 1.08840081e-01 -7.99114155e-02 
 1.08862756e-01 -8.23844412e-02 
 1.08885431e-01 -8.40475100e-02 
 1.08908106e-01 -8.51210309e-02 
 1.08930781e-01 -8.57084007e-02 
 1.08953456e-01 -8.58572909e-02 
 1.08976131e-01 -8.55830243e-02 
 1.08998806e-01 -8.48721256e-02 
 1.09000000e-01 -8.48138322e-02 
