 1.00000216e-01 -9.57349741e-04 
 1.00022891e-01  2.16219180e-03 
 1.00045566e-01  5.37304528e-03 
 1.00068241e-01  8.55916144e-03 
 1.00090916e-01  1.15866692e-02 
 1.00113591e-01  1.43297974e-02 
 1.00136266e-01  1.66577492e-02 
 1.00158941e-01  1.84253172e-02 
 1.00181616e-01  1.95237524e-02 
 1.00204291e-01  1.99053391e-02 
 1.00226966e-01  1.95307501e-02 
 1.00249641e-01  1.84294915e-02 
 1.00272316e-01  1.66522026e-02 
 1.00294991e-01  1.43167712e-02 
 1.00317666e-01  1.15435089e-02 
 1.00340341e-01  8.49289995e-03 
 1.00363016e-01  5.28485952e-03 
 1.00385691e-01  2.04882134e-03 
 1.00408366e-01 -1.08818332e-03 
 1.00431041e-01 -4.03034365e-03 
 1.00453716e-01 -6.71836807e-03 
 1.00476391e-01 -9.10502512e-03 
 1.00499066e-01 -1.11659875e-02 
 1.00521741e-01 -1.28785398e-02 
 1.00544416e-01 -1.42419006e-02 
 1.00567091e-01 -1.52478474e-02 
 1.00589766e-01 -1.58970405e-02 
 1.00612441e-01 -1.61866290e-02 
 1.00635116e-01 -1.61279362e-02 
 1.00657791e-01 -1.57145952e-02 
 1.00680466e-01 -1.49505243e-02 
 1.00703141e-01 -1.38295293e-02 
 1.00725816e-01 -1.23624675e-02 
 1.00748491e-01 -1.05424879e-02 
 1.00771166e-01 -8.39674010e-03 
 1.00793841e-01 -5.92622269e-03 
 1.00816516e-01 -3.18292690e-03 
 1.00839191e-01 -1.95075282e-04 
 1.00861866e-01  2.95389413e-03 
 1.00884541e-01  6.16314118e-03 
 1.00907216e-01  9.32779220e-03 
 1.00929891e-01  1.22974148e-02 
 1.00952566e-01  1.49538477e-02 
 1.00975241e-01  1.71489829e-02 
 1.00997916e-01  1.87593118e-02 
 1.01020591e-01  1.96867581e-02 
 1.01043266e-01  1.98817266e-02 
 1.01065941e-01  1.93213357e-02 
 1.01088616e-01  1.80470197e-02 
 1.01111291e-01  1.61117863e-02 
 1.01133966e-01  1.36592407e-02 
 1.01156641e-01  1.08040554e-02 
 1.01179316e-01  7.70405098e-03 
 1.01201991e-01  4.47261575e-03 
 1.01224666e-01  1.25755744e-03 
 1.01247341e-01 -1.84594893e-03 
 1.01270016e-01 -4.72663104e-03 
 1.01292691e-01 -7.34253563e-03 
 1.01315366e-01 -9.65052566e-03 
 1.01338041e-01 -1.16301076e-02 
 1.01360716e-01 -1.32535811e-02 
 1.01383391e-01 -1.45295216e-02 
 1.01406066e-01 -1.54421855e-02 
 1.01428741e-01 -1.60031755e-02 
 1.01451416e-01 -1.62086044e-02 
 1.01474091e-01 -1.60590896e-02 
 1.01496766e-01 -1.55631154e-02 
 1.01519441e-01 -1.47065630e-02 
 1.01542116e-01 -1.35011589e-02 
 1.01564791e-01 -1.19430650e-02 
 1.01587466e-01 -1.00399143e-02 
 1.01610141e-01 -7.80956189e-03 
 1.01632816e-01 -5.26834743e-03 
 1.01655491e-01 -2.46431738e-03 
 1.01678166e-01  5.73476093e-04 
 1.01700841e-01  3.75308988e-03 
 1.01723516e-01  6.96407141e-03 
 1.01746191e-01  1.00870712e-02 
 1.01768866e-01  1.29904771e-02 
 1.01791541e-01  1.55437465e-02 
 1.01814216e-01  1.76049039e-02 
 1.01836891e-01  1.90559180e-02 
 1.01859566e-01  1.98040087e-02 
 1.01882241e-01  1.98096920e-02 
 1.01904916e-01  1.90664369e-02 
 1.01927591e-01  1.76123276e-02 
 1.01950266e-01  1.55471672e-02 
 1.01972941e-01  1.29794151e-02 
 1.01995616e-01  1.00486460e-02 
 1.02018291e-01  6.90083257e-03 
 1.02040966e-01  3.66862234e-03 
 1.02063641e-01  4.66994342e-04 
 1.02086316e-01 -2.58768429e-03 
 1.02108991e-01 -5.40731166e-03 
 1.02131666e-01 -7.94983867e-03 
 1.02154341e-01 -1.01790542e-02 
 1.02177016e-01 -1.20655473e-02 
 1.02199691e-01 -1.36098977e-02 
 1.02222366e-01 -1.47889843e-02 
 1.02245041e-01 -1.56196095e-02 
 1.02267716e-01 -1.60878589e-02 
 1.02290391e-01 -1.62100443e-02 
 1.02313066e-01 -1.59698268e-02 
 1.02335741e-01 -1.53840870e-02 
 1.02358416e-01 -1.44403625e-02 
 1.02381091e-01 -1.31486538e-02 
 1.02403766e-01 -1.15019477e-02 
 1.02426441e-01 -9.52009386e-03 
 1.02449116e-01 -7.20525917e-03 
 1.02471791e-01 -4.60104475e-03 
 1.02494466e-01 -1.72511702e-03 
 1.02517141e-01  1.35074387e-03 
 1.02539816e-01  4.55121907e-03 
 1.02562491e-01  7.74998218e-03 
 1.02585166e-01  1.08350489e-02 
 1.02607841e-01  1.36595416e-02 
 1.02630516e-01  1.61109083e-02 
 1.02653191e-01  1.80255582e-02 
 1.02675866e-01  1.93093308e-02 
 1.02698541e-01  1.98719553e-02 
 1.02721216e-01  1.96930976e-02 
 1.02743891e-01  1.87648080e-02 
 1.02766566e-01  1.71476884e-02 
 1.02789241e-01  1.49490694e-02 
 1.02811916e-01  1.22725083e-02 
 1.02834591e-01  9.27959843e-03 
 1.02857266e-01  6.09864577e-03 
 1.02879941e-01  2.86315268e-03 
 1.02902616e-01 -3.15187345e-04 
 1.02925291e-01 -3.31501641e-03 
 1.02947966e-01 -6.06811496e-03 
 1.02970641e-01 -8.53482146e-03 
 1.02993316e-01 -1.06793961e-02 
 1.03015991e-01 -1.24888091e-02 
 1.03038666e-01 -1.39360665e-02 
 1.03061341e-01 -1.50325687e-02 
 1.03084016e-01 -1.57697106e-02 
 1.03106691e-01 -1.61569724e-02 
 1.03129366e-01 -1.61787212e-02 
 1.03152041e-01 -1.58615413e-02 
 1.03174716e-01 -1.51851054e-02 
 1.03197391e-01 -1.41535263e-02 
 1.03220066e-01 -1.27750806e-02 
 1.03242741e-01 -1.10409860e-02 
 1.03265416e-01 -8.97613482e-03 
 1.03288091e-01 -6.58711353e-03 
 1.03310766e-01 -3.90714712e-03 
 1.03333441e-01 -9.78795038e-04 
 1.03356116e-01  2.13713324e-03 
 1.03378791e-01  5.34482225e-03 
 1.03401466e-01  8.53162200e-03 
 1.03424141e-01  1.15654111e-02 
 1.03446816e-01  1.43055405e-02 
 1.03469491e-01  1.66337248e-02 
 1.03492166e-01  1.84036321e-02 
 1.03514841e-01  1.95196103e-02 
 1.03537516e-01  1.98986530e-02 
 1.03560191e-01  1.95254897e-02 
 1.03582866e-01  1.84235294e-02 
 1.03605541e-01  1.66534642e-02 
 1.03628216e-01  1.43173728e-02 
 1.03650891e-01  1.15561454e-02 
 1.03673566e-01  8.49680326e-03 
 1.03696241e-01  5.29360462e-03 
 1.03718916e-01  2.05148163e-03 
 1.03741591e-01 -1.07510974e-03 
 1.03764266e-01 -4.02884054e-03 
 1.03786941e-01 -6.71005591e-03 
 1.03809616e-01 -9.10576518e-03 
 1.03832291e-01 -1.11632722e-02 
 1.03854966e-01 -1.28821123e-02 
 1.03877641e-01 -1.42458102e-02 
 1.03900316e-01 -1.52527785e-02 
 1.03922991e-01 -1.58981806e-02 
 1.03945666e-01 -1.61988251e-02 
 1.03968341e-01 -1.61376288e-02 
 1.03991016e-01 -1.57270493e-02 
 1.04013691e-01 -1.49638194e-02 
 1.04036366e-01 -1.38464532e-02 
 1.04059041e-01 -1.23728293e-02 
 1.04081716e-01 -1.05649804e-02 
 1.04104391e-01 -8.41185464e-03 
 1.04127066e-01 -5.95027324e-03 
 1.04149741e-01 -3.20377873e-03 
 1.04172416e-01 -2.22130148e-04 
 1.04195091e-01  2.93186391e-03 
 1.04217766e-01  6.13943053e-03 
 1.04240441e-01  9.31009971e-03 
 1.04263116e-01  1.22712299e-02 
 1.04285791e-01  1.49362632e-02 
 1.04308466e-01  1.71319564e-02 
 1.04331141e-01  1.87413958e-02 
 1.04353816e-01  1.96830076e-02 
 1.04376491e-01  1.98724180e-02 
 1.04399166e-01  1.93186163e-02 
 1.04421841e-01  1.80377973e-02 
 1.04444516e-01  1.61177484e-02 
 1.04467191e-01  1.36610400e-02 
 1.04489866e-01  1.08074089e-02 
 1.04512541e-01  7.70858023e-03 
 1.04535216e-01  4.48258675e-03 
 1.04557891e-01  1.25855851e-03 
 1.04580566e-01 -1.83507941e-03 
 1.04603241e-01 -4.72179111e-03 
 1.04625916e-01 -7.34120539e-03 
 1.04648591e-01 -9.65192662e-03 
 1.04671266e-01 -1.16245076e-02 
 1.04693941e-01 -1.32584302e-02 
 1.04716616e-01 -1.45308008e-02 
 1.04739291e-01 -1.54465817e-02 
 1.04761966e-01 -1.60097298e-02 
 1.04784641e-01 -1.62179808e-02 
 1.04807316e-01 -1.60674425e-02 
 1.04829991e-01 -1.55715792e-02 
 1.04852666e-01 -1.47199845e-02 
 1.04875341e-01 -1.35155420e-02 
 1.04898016e-01 -1.19574631e-02 
 1.04920691e-01 -1.00608799e-02 
 1.04943366e-01 -7.82829374e-03 
 1.04966041e-01 -5.29154916e-03 
 1.04988716e-01 -2.48201737e-03 
 1.05011391e-01  5.51025731e-04 
 1.05034066e-01  3.72782360e-03 
 1.05056741e-01  6.93565506e-03 
 1.05079416e-01  1.00690424e-02 
 1.05102091e-01  1.29658294e-02 
 1.05124766e-01  1.55234584e-02 
 1.05147441e-01  1.75916984e-02 
 1.05170116e-01  1.90455337e-02 
 1.05192791e-01  1.97935963e-02 
 1.05215466e-01  1.98029912e-02 
 1.05238141e-01  1.90630130e-02 
 1.05260816e-01  1.76160147e-02 
 1.05283491e-01  1.55525260e-02 
 1.05306166e-01  1.29832554e-02 
 1.05328841e-01  1.00522559e-02 
 1.05351516e-01  6.91370774e-03 
 1.05374191e-01  3.66838514e-03 
 1.05396866e-01  4.74090339e-04 
 1.05419541e-01 -2.57807983e-03 
 1.05442216e-01 -5.40098601e-03 
 1.05464891e-01 -7.94267479e-03 
 1.05487566e-01 -1.01736193e-02 
 1.05510241e-01 -1.20656553e-02 
 1.05532916e-01 -1.36069554e-02 
 1.05555591e-01 -1.47934370e-02 
 1.05578266e-01 -1.56229270e-02 
 1.05600941e-01 -1.60983392e-02 
 1.05623616e-01 -1.62152889e-02 
 1.05646291e-01 -1.59828189e-02 
 1.05668966e-01 -1.53958368e-02 
 1.05691641e-01 -1.44541856e-02 
 1.05714316e-01 -1.31651643e-02 
 1.05736991e-01 -1.15210679e-02 
 1.05759666e-01 -9.53627876e-03 
 1.05782341e-01 -7.22385520e-03 
 1.05805016e-01 -4.61909193e-03 
 1.05827691e-01 -1.74772882e-03 
 1.05850366e-01  1.32474674e-03 
 1.05873041e-01  4.52540654e-03 
 1.05895716e-01  7.72509210e-03 
 1.05918391e-01  1.08130573e-02 
 1.05941066e-01  1.36371509e-02 
 1.05963741e-01  1.60884821e-02 
 1.05986416e-01  1.80081439e-02 
 1.06009091e-01  1.92928412e-02 
 1.06031766e-01  1.98629602e-02 
 1.06054441e-01  1.96854123e-02 
 1.06077116e-01  1.87630515e-02 
 1.06099791e-01  1.71518702e-02 
 1.06122466e-01  1.49538809e-02 
 1.06145141e-01  1.22748611e-02 
 1.06167816e-01  9.29046613e-03 
 1.06190491e-01  6.10885452e-03 
 1.06213166e-01  2.86513779e-03 
 1.06235841e-01 -3.05671701e-04 
 1.06258516e-01 -3.30705318e-03 
 1.06281191e-01 -6.06231490e-03 
 1.06303866e-01 -8.53210309e-03 
 1.06326541e-01 -1.06819601e-02 
 1.06349216e-01 -1.24894190e-02 
 1.06371891e-01 -1.39384627e-02 
 1.06394566e-01 -1.50371893e-02 
 1.06417241e-01 -1.57761021e-02 
 1.06439916e-01 -1.61607648e-02 
 1.06462591e-01 -1.61900125e-02 
 1.06485266e-01 -1.58740831e-02 
 1.06507941e-01 -1.51936435e-02 
 1.06530616e-01 -1.41669644e-02 
 1.06553291e-01 -1.27867982e-02 
 1.06575966e-01 -1.10608498e-02 
 1.06598641e-01 -8.99486014e-03 
 1.06621316e-01 -6.60687573e-03 
 1.06643991e-01 -3.93013537e-03 
 1.06666666e-01 -1.00184288e-03 
 1.06689341e-01  2.11125671e-03 
 1.06712016e-01  5.32479079e-03 
 1.06734691e-01  8.50670736e-03 
 1.06757366e-01  1.15431702e-02 
 1.06780041e-01  1.42873418e-02 
 1.06802716e-01  1.66206854e-02 
 1.06825391e-01  1.83897633e-02 
 1.06848066e-01  1.95044734e-02 
 1.06870741e-01  1.98871984e-02 
 1.06893416e-01  1.95248746e-02 
 1.06916091e-01  1.84239184e-02 
 1.06938766e-01  1.66570123e-02 
 1.06961441e-01  1.43256490e-02 
 1.06984116e-01  1.15524872e-02 
 1.07006791e-01  8.50390356e-03 
 1.07029466e-01  5.29746635e-03 
 1.07052141e-01  2.06513421e-03 
 1.07074816e-01 -1.07417173e-03 
 1.07097491e-01 -4.02063041e-03 
 1.07120166e-01 -6.70775878e-03 
 1.07142841e-01 -9.10160606e-03 
 1.07165516e-01 -1.11661431e-02 
 1.07188191e-01 -1.28819092e-02 
 1.07210866e-01 -1.42467287e-02 
 1.07233541e-01 -1.52518049e-02 
 1.07256216e-01 -1.59077509e-02 
 1.07278891e-01 -1.62040079e-02 
 1.07301566e-01 -1.61471723e-02 
 1.07324241e-01 -1.57392872e-02 
 1.07346916e-01 -1.49718474e-02 
 1.07369591e-01 -1.38591612e-02 
 1.07392266e-01 -1.23941649e-02 
 1.07414941e-01 -1.05783677e-02 
 1.07437616e-01 -8.43022625e-03 
 1.07460291e-01 -5.97094367e-03 
 1.07482966e-01 -3.22641121e-03 
 1.07505641e-01 -2.42160244e-04 
 1.07528316e-01  2.90397665e-03 
 1.07550991e-01  6.12611684e-03 
 1.07573666e-01  9.27908322e-03 
 1.07596341e-01  1.22536229e-02 
 1.07619016e-01  1.49085688e-02 
 1.07641691e-01  1.71154565e-02 
 1.07664366e-01  1.87270545e-02 
 1.07687041e-01  1.96659839e-02 
 1.07709716e-01  1.98650981e-02 
 1.07732391e-01  1.93129689e-02 
 1.07755066e-01  1.80413469e-02 
 1.07777741e-01  1.61187419e-02 
 1.07800416e-01  1.36696326e-02 
 1.07823091e-01  1.08202000e-02 
 1.07845766e-01  7.71982736e-03 
 1.07868441e-01  4.49047659e-03 
 1.07891116e-01  1.26473315e-03 
 1.07913791e-01 -1.82724718e-03 
 1.07936466e-01 -4.71776502e-03 
 1.07959141e-01 -7.33512195e-03 
 1.07981816e-01 -9.64451863e-03 
 1.08004491e-01 -1.16250489e-02 
 1.08027166e-01 -1.32575828e-02 
 1.08049841e-01 -1.45350781e-02 
 1.08072516e-01 -1.54488565e-02 
 1.08095191e-01 -1.60149307e-02 
 1.08117866e-01 -1.62267153e-02 
 1.08140541e-01 -1.60792029e-02 
 1.08163216e-01 -1.55808334e-02 
 1.08185891e-01 -1.47330142e-02 
 1.08208566e-01 -1.35269688e-02 
 1.08231241e-01 -1.19742262e-02 
 1.08253916e-01 -1.00740006e-02 
 1.08276591e-01 -7.85181031e-03 
 1.08299266e-01 -5.31342768e-03 
 1.08321941e-01 -2.50360262e-03 
 1.08344616e-01  5.26055302e-04 
 1.08367291e-01  3.70252333e-03 
 1.08389966e-01  6.91788429e-03 
 1.08412641e-01  1.00431005e-02 
 1.08435316e-01  1.29487308e-02 
 1.08457991e-01  1.55075846e-02 
 1.08480666e-01  1.75710741e-02 
 1.08503341e-01  1.90328681e-02 
 1.08526016e-01  1.97812800e-02 
 1.08548691e-01  1.97964156e-02 
 1.08571366e-01  1.90577818e-02 
 1.08594041e-01  1.76204819e-02 
 1.08616716e-01  1.55523313e-02 
 1.08639391e-01  1.29895203e-02 
 1.08662066e-01  1.00642241e-02 
 1.08684741e-01  6.91872589e-03 
 1.08707416e-01  3.68284196e-03 
 1.08730091e-01  4.79964947e-04 
 1.08752766e-01 -2.57373584e-03 
 1.08775441e-01 -5.39535132e-03 
 1.08798116e-01 -7.94447266e-03 
 1.08820791e-01 -1.01709800e-02 
 1.08843466e-01 -1.20661111e-02 
 1.08866141e-01 -1.36111194e-02 
 1.08888816e-01 -1.47945192e-02 
 1.08911491e-01 -1.56285311e-02 
 1.08934166e-01 -1.61017009e-02 
 1.08956841e-01 -1.62243713e-02 
 1.08979516e-01 -1.59923468e-02 
 1.09000000e-01 -1.54743573e-02 
