 1.00001586e-01  4.77549014e-04 
 1.00024261e-01  1.33994490e-03 
 1.00046936e-01  2.20948902e-03 
 1.00069611e-01  3.08732847e-03 
 1.00092286e-01  3.96242282e-03 
 1.00114961e-01  4.83531314e-03 
 1.00137636e-01  5.69431121e-03 
 1.00160311e-01  6.53626111e-03 
 1.00182986e-01  7.35178039e-03 
 1.00205661e-01  8.13790422e-03 
 1.00228336e-01  8.89208376e-03 
 1.00251011e-01  9.60319159e-03 
 1.00273686e-01  1.02570595e-02 
 1.00296361e-01  1.08673049e-02 
 1.00319036e-01  1.14072984e-02 
 1.00341711e-01  1.18817285e-02 
 1.00364386e-01  1.22862840e-02 
 1.00387061e-01  1.26138860e-02 
 1.00409736e-01  1.28566709e-02 
 1.00432411e-01  1.30249201e-02 
 1.00455086e-01  1.31056332e-02 
 1.00477761e-01  1.31010234e-02 
 1.00500436e-01  1.30142580e-02 
 1.00523111e-01  1.28369469e-02 
 1.00545786e-01  1.25804519e-02 
 1.00568461e-01  1.22470759e-02 
 1.00591136e-01  1.18331701e-02 
 1.00613811e-01  1.13495303e-02 
 1.00636486e-01  1.07958285e-02 
 1.00659161e-01  1.01795698e-02 
 1.00681836e-01  9.50984380e-03 
 1.00704511e-01  8.79082623e-03 
 1.00727186e-01  8.02645650e-03 
 1.00749861e-01  7.22576210e-03 
 1.00772536e-01  6.40069407e-03 
 1.00795211e-01  5.54316443e-03 
 1.00817886e-01  4.68092636e-03 
 1.00840561e-01  3.79663163e-03 
 1.00863236e-01  2.91406611e-03 
 1.00885911e-01  2.02457263e-03 
 1.00908586e-01  1.14920889e-03 
 1.00931261e-01  2.79084325e-04 
 1.00953936e-01 -5.70031543e-04 
 1.00976611e-01 -1.40019466e-03 
 1.00999286e-01 -2.20717628e-03 
 1.01021961e-01 -2.98623265e-03 
 1.01044636e-01 -3.73193707e-03 
 1.01067311e-01 -4.45031911e-03 
 1.01089986e-01 -5.13189092e-03 
 1.01112661e-01 -5.78184464e-03 
 1.01135336e-01 -6.39201294e-03 
 1.01158011e-01 -6.96436637e-03 
 1.01180686e-01 -7.50168621e-03 
 1.01203361e-01 -7.99398918e-03 
 1.01226036e-01 -8.44949852e-03 
 1.01248711e-01 -8.86416017e-03 
 1.01271386e-01 -9.23428884e-03 
 1.01294061e-01 -9.56727473e-03 
 1.01316736e-01 -9.85313462e-03 
 1.01339411e-01 -1.01027159e-02 
 1.01362086e-01 -1.03075130e-02 
 1.01384761e-01 -1.04698296e-02 
 1.01407436e-01 -1.05913249e-02 
 1.01430111e-01 -1.06699863e-02 
 1.01452786e-01 -1.07071543e-02 
 1.01475461e-01 -1.07050820e-02 
 1.01498136e-01 -1.06573431e-02 
 1.01520811e-01 -1.05704423e-02 
 1.01543486e-01 -1.04408744e-02 
 1.01566161e-01 -1.02700778e-02 
 1.01588836e-01 -1.00601309e-02 
 1.01611511e-01 -9.80492865e-03 
 1.01634186e-01 -9.50991373e-03 
 1.01656861e-01 -9.17770033e-03 
 1.01679536e-01 -8.79883908e-03 
 1.01702211e-01 -8.38241211e-03 
 1.01724886e-01 -7.92636023e-03 
 1.01747561e-01 -7.42907852e-03 
 1.01770236e-01 -6.89528611e-03 
 1.01792911e-01 -6.32110914e-03 
 1.01815586e-01 -5.71268576e-03 
 1.01838261e-01 -5.06712385e-03 
 1.01860936e-01 -4.38887188e-03 
 1.01883611e-01 -3.67594839e-03 
 1.01906286e-01 -2.93304357e-03 
 1.01928961e-01 -2.16254469e-03 
 1.01951636e-01 -1.36517026e-03 
 1.01974311e-01 -5.43506330e-04 
 1.01996986e-01  2.98278961e-04 
 1.02019661e-01  1.15784555e-03 
 1.02042336e-01  2.02635413e-03 
 1.02065011e-01  2.90367335e-03 
 1.02087686e-01  3.78006937e-03 
 1.02110361e-01  4.65327534e-03 
 1.02133036e-01  5.51519469e-03 
 1.02155711e-01  6.36283450e-03 
 1.02178386e-01  7.18383865e-03 
 1.02201061e-01  7.98098021e-03 
 1.02223736e-01  8.73420769e-03 
 1.02246411e-01  9.45719544e-03 
 1.02269086e-01  1.01280258e-02 
 1.02291761e-01  1.07394577e-02 
 1.02314436e-01  1.13024160e-02 
 1.02337111e-01  1.17872921e-02 
 1.02359786e-01  1.22072062e-02 
 1.02382461e-01  1.25454022e-02 
 1.02405136e-01  1.28115243e-02 
 1.02427811e-01  1.29883841e-02 
 1.02450486e-01  1.30924947e-02 
 1.02473161e-01  1.31036177e-02 
 1.02495836e-01  1.30337014e-02 
 1.02518511e-01  1.28739416e-02 
 1.02541186e-01  1.26361655e-02 
 1.02563861e-01  1.23155257e-02 
 1.02586536e-01  1.19188015e-02 
 1.02609211e-01  1.14457258e-02 
 1.02631886e-01  1.09093707e-02 
 1.02654561e-01  1.03037988e-02 
 1.02677236e-01  9.64611787e-03 
 1.02699911e-01  8.93311538e-03 
 1.02722586e-01  8.17804464e-03 
 1.02745261e-01  7.38768041e-03 
 1.02767936e-01  6.56369350e-03 
 1.02790611e-01  5.71715526e-03 
 1.02813286e-01  4.85109292e-03 
 1.02835961e-01  3.97221706e-03 
 1.02858636e-01  3.08689661e-03 
 1.02881311e-01  2.20359906e-03 
 1.02903986e-01  1.31902515e-03 
 1.02926661e-01  4.51624261e-04 
 1.02949336e-01 -4.06731886e-04 
 1.02972011e-01 -1.23757973e-03 
 1.02994686e-01 -2.05178466e-03 
 1.03017361e-01 -2.83055810e-03 
 1.03040036e-01 -3.59042993e-03 
 1.03062711e-01 -4.31152666e-03 
 1.03085386e-01 -5.00265949e-03 
 1.03108061e-01 -5.65843498e-03 
 1.03130736e-01 -6.27862898e-03 
 1.03153411e-01 -6.85890032e-03 
 1.03176086e-01 -7.40162195e-03 
 1.03198761e-01 -7.90363655e-03 
 1.03221436e-01 -8.36773706e-03 
 1.03244111e-01 -8.78642790e-03 
 1.03266786e-01 -9.16986951e-03 
 1.03289461e-01 -9.50654272e-03 
 1.03312136e-01 -9.80521715e-03 
 1.03334811e-01 -1.00587149e-02 
 1.03357486e-01 -1.02753066e-02 
 1.03380161e-01 -1.04447410e-02 
 1.03402836e-01 -1.05770761e-02 
 1.03425511e-01 -1.06608453e-02 
 1.03448186e-01 -1.07102342e-02 
 1.03470861e-01 -1.07135484e-02 
 1.03493536e-01 -1.06778037e-02 
 1.03516211e-01 -1.05949968e-02 
 1.03538886e-01 -1.04773038e-02 
 1.03561561e-01 -1.03142229e-02 
 1.03584236e-01 -1.01109045e-02 
 1.03606911e-01 -9.86418093e-03 
 1.03629586e-01 -9.58192604e-03 
 1.03652261e-01 -9.25018287e-03 
 1.03674936e-01 -8.88499543e-03 
 1.03697611e-01 -8.47581058e-03 
 1.03720286e-01 -8.02780974e-03 
 1.03742961e-01 -7.54069899e-03 
 1.03765636e-01 -7.01248752e-03 
 1.03788311e-01 -6.44851129e-03 
 1.03810986e-01 -5.84457061e-03 
 1.03833661e-01 -5.20655482e-03 
 1.03856336e-01 -4.53287554e-03 
 1.03879011e-01 -3.82624317e-03 
 1.03901686e-01 -3.09395570e-03 
 1.03924361e-01 -2.32501350e-03 
 1.03947036e-01 -1.53411739e-03 
 1.03969711e-01 -7.15029356e-04 
 1.03992386e-01  1.21126811e-04 
 1.04015061e-01  9.78569930e-04 
 1.04037736e-01  1.84351771e-03 
 1.04060411e-01  2.71975820e-03 
 1.04083086e-01  3.59840684e-03 
 1.04105761e-01  4.47146591e-03 
 1.04128436e-01  5.33946154e-03 
 1.04151111e-01  6.18543798e-03 
 1.04173786e-01  7.01560673e-03 
 1.04196461e-01  7.81219872e-03 
 1.04219136e-01  8.58374436e-03 
 1.04241811e-01  9.30483355e-03 
 1.04264486e-01  9.98872016e-03 
 1.04287161e-01  1.06172466e-02 
 1.04309836e-01  1.11831441e-02 
 1.04332511e-01  1.16879998e-02 
 1.04355186e-01  1.21234597e-02 
 1.04377861e-01  1.24773060e-02 
 1.04400536e-01  1.27576177e-02 
 1.04423211e-01  1.29599014e-02 
 1.04445886e-01  1.30723566e-02 
 1.04468561e-01  1.31026926e-02 
 1.04491236e-01  1.30440457e-02 
 1.04513911e-01  1.29119244e-02 
 1.04536586e-01  1.26860017e-02 
 1.04559261e-01  1.23815476e-02 
 1.04581936e-01  1.19997663e-02 
 1.04604611e-01  1.15440179e-02 
 1.04627286e-01  1.10171991e-02 
 1.04649961e-01  1.04318237e-02 
 1.04672636e-01  9.77768759e-03 
 1.04695311e-01  9.07625970e-03 
 1.04717986e-01  8.33101863e-03 
 1.04740661e-01  7.54460475e-03 
 1.04763336e-01  6.72940119e-03 
 1.04786011e-01  5.88515566e-03 
 1.04808686e-01  5.02548552e-03 
 1.04831361e-01  4.14716229e-03 
 1.04854036e-01  3.25880327e-03 
 1.04876711e-01  2.37591552e-03 
 1.04899386e-01  1.49326508e-03 
 1.04922061e-01  6.21965955e-04 
 1.04944736e-01 -2.38599727e-04 
 1.04967411e-01 -1.07433068e-03 
 1.04990086e-01 -1.89183159e-03 
 1.05012761e-01 -2.68122312e-03 
 1.05035436e-01 -3.44309168e-03 
 1.05058111e-01 -4.17431716e-03 
 1.05080786e-01 -4.87164827e-03 
 1.05103461e-01 -5.53260105e-03 
 1.05126136e-01 -6.16098515e-03 
 1.05148811e-01 -6.74770162e-03 
 1.05171486e-01 -7.29885960e-03 
 1.05194161e-01 -7.81117252e-03 
 1.05216836e-01 -8.28085422e-03 
 1.05239511e-01 -8.71215314e-03 
 1.05262186e-01 -9.09889295e-03 
 1.05284861e-01 -9.44791961e-03 
 1.05307536e-01 -9.75243624e-03 
 1.05330211e-01 -1.00169351e-02 
 1.05352886e-01 -1.02391633e-02 
 1.05375561e-01 -1.04201872e-02 
 1.05398236e-01 -1.05566920e-02 
 1.05420911e-01 -1.06542392e-02 
 1.05443586e-01 -1.07072549e-02 
 1.05466261e-01 -1.07217099e-02 
 1.05488936e-01 -1.06903832e-02 
 1.05511611e-01 -1.06235564e-02 
 1.05534286e-01 -1.05096392e-02 
 1.05556961e-01 -1.03551646e-02 
 1.05579636e-01 -1.01596320e-02 
 1.05602311e-01 -9.92454403e-03 
 1.05624986e-01 -9.64443476e-03 
 1.05647661e-01 -9.32703222e-03 
 1.05670336e-01 -8.96535580e-03 
 1.05693011e-01 -8.56769800e-03 
 1.05715686e-01 -8.12567613e-03 
 1.05738361e-01 -7.64593664e-03 
 1.05761036e-01 -7.12787372e-03 
 1.05783711e-01 -6.56711736e-03 
 1.05806386e-01 -5.97606966e-03 
 1.05829061e-01 -5.34171265e-03 
 1.05851736e-01 -4.67882021e-03 
 1.05874411e-01 -3.97835219e-03 
 1.05897086e-01 -3.24941789e-03 
 1.05919761e-01 -2.48817996e-03 
 1.05942436e-01 -1.70240840e-03 
 1.05965111e-01 -8.89295308e-04 
 1.05987786e-01 -5.34023877e-05 
 1.06010461e-01  7.95861326e-04 
 1.06033136e-01  1.66446052e-03 
 1.06055811e-01  2.53525483e-03 
 1.06078486e-01  3.41819111e-03 
 1.06101161e-01  4.28918514e-03 
 1.06123836e-01  5.15937017e-03 
 1.06146511e-01  6.01156204e-03 
 1.06169186e-01  6.84508556e-03 
 1.06191861e-01  7.64826011e-03 
 1.06214536e-01  8.42275254e-03 
 1.06237211e-01  9.16025266e-03 
 1.06259886e-01  9.84531722e-03 
 1.06282561e-01  1.04904545e-02 
 1.06305236e-01  1.10678604e-02 
 1.06327911e-01  1.15866738e-02 
 1.06350586e-01  1.20351031e-02 
 1.06373261e-01  1.24102284e-02 
 1.06395936e-01  1.27015986e-02 
 1.06418611e-01  1.29217846e-02 
 1.06441286e-01  1.30495116e-02 
 1.06463961e-01  1.31013418e-02 
 1.06486636e-01  1.30565389e-02 
 1.06509311e-01  1.29420302e-02 
 1.06531986e-01  1.27289525e-02 
 1.06554661e-01  1.24483979e-02 
 1.06577336e-01  1.20780269e-02 
 1.06600011e-01  1.16413244e-02 
 1.06622686e-01  1.11236361e-02 
 1.06645361e-01  1.05480082e-02 
 1.06668036e-01  9.90563855e-03 
 1.06690711e-01  9.21474123e-03 
 1.06713386e-01  8.47937951e-03 
 1.06736061e-01  7.70193602e-03 
 1.06758736e-01  6.89171916e-03 
 1.06781411e-01  6.05352572e-03 
 1.06804086e-01  5.19145932e-03 
 1.06826761e-01  4.32025300e-03 
 1.06849436e-01  3.43258057e-03 
 1.06872111e-01  2.55089682e-03 
 1.06894786e-01  1.66772796e-03 
 1.06917461e-01  7.91998175e-04 
 1.06940136e-01 -7.18682049e-05 
 1.06962811e-01 -9.13466800e-04 
 1.06985486e-01 -1.73311560e-03 
 1.07008161e-01 -2.53002219e-03 
 1.07030836e-01 -3.29572406e-03 
 1.07053511e-01 -4.03411396e-03 
 1.07076186e-01 -4.73681796e-03 
 1.07098861e-01 -5.40660041e-03 
 1.07121536e-01 -6.03896081e-03 
 1.07144211e-01 -6.63929154e-03 
 1.07166886e-01 -7.19402839e-03 
 1.07189561e-01 -7.71488501e-03 
 1.07212236e-01 -8.19386597e-03 
 1.07234911e-01 -8.63123143e-03 
 1.07257586e-01 -9.03078089e-03 
 1.07280261e-01 -9.38380686e-03 
 1.07302936e-01 -9.69940201e-03 
 1.07325611e-01 -9.97160594e-03 
 1.07348286e-01 -1.02012402e-02 
 1.07370961e-01 -1.03925922e-02 
 1.07393636e-01 -1.05385703e-02 
 1.07416311e-01 -1.06411718e-02 
 1.07438986e-01 -1.07048132e-02 
 1.07461661e-01 -1.07270734e-02 
 1.07484336e-01 -1.07061694e-02 
 1.07507011e-01 -1.06437167e-02 
 1.07529686e-01 -1.05405270e-02 
 1.07552361e-01 -1.03964421e-02 
 1.07575036e-01 -1.02090009e-02 
 1.07597711e-01 -9.97910342e-03 
 1.07620386e-01 -9.71016682e-03 
 1.07643061e-01 -9.40048301e-03 
 1.07665736e-01 -9.05018366e-03 
 1.07688411e-01 -8.65480883e-03 
 1.07711086e-01 -8.22563511e-03 
 1.07733761e-01 -7.75098734e-03 
 1.07756436e-01 -7.24060292e-03 
 1.07779111e-01 -6.69159292e-03 
 1.07801786e-01 -6.10322836e-03 
 1.07824461e-01 -5.47758875e-03 
 1.07847136e-01 -4.82373192e-03 
 1.07869811e-01 -4.12712394e-03 
 1.07892486e-01 -3.40399142e-03 
 1.07915161e-01 -2.65034464e-03 
 1.07937836e-01 -1.86742348e-03 
 1.07960511e-01 -1.06094671e-03 
 1.07983186e-01 -2.29900193e-04 
 1.08005861e-01  6.17923646e-04 
 1.08028536e-01  1.48296891e-03 
 1.08051211e-01  2.35301032e-03 
 1.08073886e-01  3.23514920e-03 
 1.08096561e-01  4.10853819e-03 
 1.08119236e-01  4.97836311e-03 
 1.08141911e-01  5.83558766e-03 
 1.08164586e-01  6.67262578e-03 
 1.08187261e-01  7.48150778e-03 
 1.08209936e-01  8.26594556e-03 
 1.08232611e-01  9.00346375e-03 
 1.08255286e-01  9.71090128e-03 
 1.08277961e-01  1.03582345e-02 
 1.08300636e-01  1.09567971e-02 
 1.08323311e-01  1.14835666e-02 
 1.08345986e-01  1.19439314e-02 
 1.08368661e-01  1.23305906e-02 
 1.08391336e-01  1.26446706e-02 
 1.08414011e-01  1.28800466e-02 
 1.08436686e-01  1.30260357e-02 
 1.08459361e-01  1.30923245e-02 
 1.08482036e-01  1.30748931e-02 
 1.08504711e-01  1.29608107e-02 
 1.08527386e-01  1.27741417e-02 
 1.08550061e-01  1.25056814e-02 
 1.08572736e-01  1.21529074e-02 
 1.08595411e-01  1.17254775e-02 
 1.08618086e-01  1.12302003e-02 
 1.08640761e-01  1.06626959e-02 
 1.08663436e-01  1.00394272e-02 
 1.08686111e-01  9.35738146e-03 
 1.08708786e-01  8.62835732e-03 
 1.08731461e-01  7.86035493e-03 
 1.08754136e-01  7.05477621e-03 
 1.08776811e-01  6.22181939e-03 
 1.08799486e-01  5.36420351e-03 
 1.08822161e-01  4.49088636e-03 
 1.08844836e-01  3.61210212e-03 
 1.08867511e-01  2.72668458e-03 
 1.08890186e-01  1.84225065e-03 
 1.08912861e-01  9.60927532e-04 
 1.08935536e-01  9.92290510e-05 
 1.08958211e-01 -7.48521625e-04 
 1.08980886e-01 -1.57433173e-03 
 1.09000000e-01 -2.25288609e-03 
