 1.00001410e-01  1.69049797e-04 
 1.00024085e-01  5.90340549e-03 
 1.00046760e-01  1.16947660e-02 
 1.00069435e-01  1.75308819e-02 
 1.00092110e-01  2.33729718e-02 
 1.00114785e-01  2.92012132e-02 
 1.00137460e-01  3.50225739e-02 
 1.00160135e-01  4.07896920e-02 
 1.00182810e-01  4.65107818e-02 
 1.00205485e-01  5.21735936e-02 
 1.00228160e-01  5.77531798e-02 
 1.00250835e-01  6.32696398e-02 
 1.00273510e-01  6.86863506e-02 
 1.00296185e-01  7.40192024e-02 
 1.00318860e-01  7.92504087e-02 
 1.00341535e-01  8.43721927e-02 
 1.00364210e-01  8.93796806e-02 
 1.00386885e-01  9.42637244e-02 
 1.00409560e-01  9.90434839e-02 
 1.00432235e-01  1.03683670e-01 
 1.00454910e-01  1.08203043e-01 
 1.00477585e-01  1.12574229e-01 
 1.00500260e-01  1.16811969e-01 
 1.00522935e-01  1.20897917e-01 
 1.00545610e-01  1.24849947e-01 
 1.00568285e-01  1.28639382e-01 
 1.00590960e-01  1.32281351e-01 
 1.00613635e-01  1.35765040e-01 
 1.00636310e-01  1.39092781e-01 
 1.00658985e-01  1.42241161e-01 
 1.00681660e-01  1.45244264e-01 
 1.00704335e-01  1.48072824e-01 
 1.00727010e-01  1.50730789e-01 
 1.00749685e-01  1.53213206e-01 
 1.00772360e-01  1.55525841e-01 
 1.00795035e-01  1.57657648e-01 
 1.00817710e-01  1.59617122e-01 
 1.00840385e-01  1.61394854e-01 
 1.00863060e-01  1.62987750e-01 
 1.00885735e-01  1.64400656e-01 
 1.00908410e-01  1.65625252e-01 
 1.00931085e-01  1.66679365e-01 
 1.00953760e-01  1.67542600e-01 
 1.00976435e-01  1.68216234e-01 
 1.00999110e-01  1.68710089e-01 
 1.01021785e-01  1.69009242e-01 
 1.01044460e-01  1.69131801e-01 
 1.01067135e-01  1.69057226e-01 
 1.01089810e-01  1.68800584e-01 
 1.01112485e-01  1.68360263e-01 
 1.01135160e-01  1.67730613e-01 
 1.01157835e-01  1.66914328e-01 
 1.01180510e-01  1.65913752e-01 
 1.01203185e-01  1.64726890e-01 
 1.01225860e-01  1.63359669e-01 
 1.01248535e-01  1.61809503e-01 
 1.01271210e-01  1.60076735e-01 
 1.01293885e-01  1.58161512e-01 
 1.01316560e-01  1.56071753e-01 
 1.01339235e-01  1.53798998e-01 
 1.01361910e-01  1.51358816e-01 
 1.01384585e-01  1.48730809e-01 
 1.01407260e-01  1.45954300e-01 
 1.01429935e-01  1.42985656e-01 
 1.01452610e-01  1.39867147e-01 
 1.01475285e-01  1.36577407e-01 
 1.01497960e-01  1.33126348e-01 
 1.01520635e-01  1.29518794e-01 
 1.01543310e-01  1.25751923e-01 
 1.01565985e-01  1.21832177e-01 
 1.01588660e-01  1.17765989e-01 
 1.01611335e-01  1.13559876e-01 
 1.01634010e-01  1.09203458e-01 
 1.01656685e-01  1.04711664e-01 
 1.01679360e-01  1.00090309e-01 
 1.01702035e-01  9.53390887e-02 
 1.01724710e-01  9.04606780e-02 
 1.01747385e-01  8.54584262e-02 
 1.01770060e-01  8.03466199e-02 
 1.01792735e-01  7.51274532e-02 
 1.01815410e-01  6.97952925e-02 
 1.01838085e-01  6.43739844e-02 
 1.01860760e-01  5.88606555e-02 
 1.01883435e-01  5.32644196e-02 
 1.01906110e-01  4.75915219e-02 
 1.01928785e-01  4.18473208e-02 
 1.01951460e-01  3.60449542e-02 
 1.01974135e-01  3.01974990e-02 
 1.01996810e-01  2.43187477e-02 
 1.02019485e-01  1.84169338e-02 
 1.02042160e-01  1.25080568e-02 
 1.02064835e-01  6.61716072e-03 
 1.02087510e-01  7.65367919e-04 
 1.02110185e-01 -5.01835836e-03 
 1.02132860e-01 -1.06990739e-02 
 1.02155535e-01 -1.62243992e-02 
 1.02178210e-01 -2.15622366e-02 
 1.02200885e-01 -2.66351850e-02 
 1.02223560e-01 -3.14028953e-02 
 1.02246235e-01 -3.57904624e-02 
 1.02268910e-01 -3.97782492e-02 
 1.02291585e-01 -4.33556952e-02 
 1.02314260e-01 -4.65912708e-02 
 1.02336935e-01 -4.94982344e-02 
 1.02359610e-01 -5.21218492e-02 
 1.02382285e-01 -5.44979872e-02 
 1.02404960e-01 -5.66552467e-02 
 1.02427635e-01 -5.86188891e-02 
 1.02450310e-01 -6.04097177e-02 
 1.02472985e-01 -6.20471613e-02 
 1.02495660e-01 -6.35482509e-02 
 1.02518335e-01 -6.49310154e-02 
 1.02541010e-01 -6.62031373e-02 
 1.02563685e-01 -6.73794436e-02 
 1.02586360e-01 -6.84686192e-02 
 1.02609035e-01 -6.94804007e-02 
 1.02631710e-01 -7.04208161e-02 
 1.02654385e-01 -7.12964324e-02 
 1.02677060e-01 -7.21131111e-02 
 1.02699735e-01 -7.28767514e-02 
 1.02722410e-01 -7.35908931e-02 
 1.02745085e-01 -7.42593972e-02 
 1.02767760e-01 -7.48859574e-02 
 1.02790435e-01 -7.54725590e-02 
 1.02813110e-01 -7.60237186e-02 
 1.02835785e-01 -7.65397946e-02 
 1.02858460e-01 -7.70262231e-02 
 1.02881135e-01 -7.74807435e-02 
 1.02903810e-01 -7.79087334e-02 
 1.02926485e-01 -7.83095451e-02 
 1.02949160e-01 -7.86867654e-02 
 1.02971835e-01 -7.90389177e-02 
 1.02994510e-01 -7.93693288e-02 
 1.03017185e-01 -7.96784932e-02 
 1.03039860e-01 -7.99670434e-02 
 1.03062535e-01 -8.02368734e-02 
 1.03085210e-01 -8.04869979e-02 
 1.03107885e-01 -8.07201528e-02 
 1.03130560e-01 -8.09358879e-02 
 1.03153235e-01 -8.11355956e-02 
 1.03175910e-01 -8.13185594e-02 
 1.03198585e-01 -8.14874466e-02 
 1.03221260e-01 -8.16399593e-02 
 1.03243935e-01 -8.17783422e-02 
 1.03266610e-01 -8.19027361e-02 
 1.03289285e-01 -8.20137902e-02 
 1.03311960e-01 -8.21109039e-02 
 1.03334635e-01 -8.21949935e-02 
 1.03357310e-01 -8.22662805e-02 
 1.03379985e-01 -8.23246225e-02 
 1.03402660e-01 -8.23710492e-02 
 1.03425335e-01 -8.24044489e-02 
 1.03448010e-01 -8.24265000e-02 
 1.03470685e-01 -8.24353104e-02 
 1.03493360e-01 -8.24338812e-02 
 1.03516035e-01 -8.24193937e-02 
 1.03538710e-01 -8.23935481e-02 
 1.03561385e-01 -8.23556438e-02 
 1.03584060e-01 -8.23064674e-02 
 1.03606735e-01 -8.22450125e-02 
 1.03629410e-01 -8.21720933e-02 
 1.03652085e-01 -8.20873976e-02 
 1.03674760e-01 -8.19903872e-02 
 1.03697435e-01 -8.18813656e-02 
 1.03720110e-01 -8.17599166e-02 
 1.03742785e-01 -8.16270379e-02 
 1.03765460e-01 -8.14804805e-02 
 1.03788135e-01 -8.13217954e-02 
 1.03810810e-01 -8.11497787e-02 
 1.03833485e-01 -8.09642815e-02 
 1.03856160e-01 -8.07657149e-02 
 1.03878835e-01 -8.05529887e-02 
 1.03901510e-01 -8.03256261e-02 
 1.03924185e-01 -8.00847815e-02 
 1.03946860e-01 -7.98272258e-02 
 1.03969535e-01 -7.95551184e-02 
 1.03992210e-01 -7.92653487e-02 
 1.04014885e-01 -7.89601732e-02 
 1.04037560e-01 -7.86366941e-02 
 1.04060235e-01 -7.82949217e-02 
 1.04082910e-01 -7.79348441e-02 
 1.04105585e-01 -7.75538840e-02 
 1.04128260e-01 -7.71533021e-02 
 1.04150935e-01 -7.67291695e-02 
 1.04173610e-01 -7.62832430e-02 
 1.04196285e-01 -7.58129595e-02 
 1.04218960e-01 -7.53165848e-02 
 1.04241635e-01 -7.47929459e-02 
 1.04264310e-01 -7.42407997e-02 
 1.04286985e-01 -7.36573872e-02 
 1.04309660e-01 -7.30405659e-02 
 1.04332335e-01 -7.23901671e-02 
 1.04355010e-01 -7.16987691e-02 
 1.04377685e-01 -7.09705806e-02 
 1.04400360e-01 -7.01941342e-02 
 1.04423035e-01 -6.93733456e-02 
 1.04445710e-01 -6.84982420e-02 
 1.04468385e-01 -6.75688905e-02 
 1.04491060e-01 -6.65764641e-02 
 1.04513735e-01 -6.55158363e-02 
 1.04536410e-01 -6.43816563e-02 
 1.04559085e-01 -6.31651779e-02 
 1.04581760e-01 -6.18555093e-02 
 1.04604435e-01 -6.04428538e-02 
 1.04627110e-01 -5.89182181e-02 
 1.04649785e-01 -5.72664805e-02 
 1.04672460e-01 -5.54714836e-02 
 1.04695135e-01 -5.35147429e-02 
 1.04717810e-01 -5.13761561e-02 
 1.04740485e-01 -4.90361853e-02 
 1.04763160e-01 -4.64668586e-02 
 1.04785835e-01 -4.36354999e-02 
 1.04808510e-01 -4.05037549e-02 
 1.04831185e-01 -3.70518606e-02 
 1.04853860e-01 -3.32401603e-02 
 1.04876535e-01 -2.90354300e-02 
 1.04899210e-01 -2.44493620e-02 
 1.04921885e-01 -1.95419179e-02 
 1.04944560e-01 -1.43518135e-02 
 1.04967235e-01 -8.95511089e-03 
 1.04989910e-01 -3.38332164e-03 
 1.05012585e-01  2.30323014e-03 
 1.05035260e-01  8.06890756e-03 
 1.05057935e-01  1.38908010e-02 
 1.05080610e-01  1.97253325e-02 
 1.05103285e-01  2.55694132e-02 
 1.05125960e-01  3.13981749e-02 
 1.05148635e-01  3.71879714e-02 
 1.05171310e-01  4.29418180e-02 
 1.05193985e-01  4.86266932e-02 
 1.05216660e-01  5.42561180e-02 
 1.05239335e-01  5.98067406e-02 
 1.05262010e-01  6.52744579e-02 
 1.05284685e-01  7.06465357e-02 
 1.05307360e-01  7.59319363e-02 
 1.05330035e-01  8.11104379e-02 
 1.05352710e-01  8.61749838e-02 
 1.05375385e-01  9.11290818e-02 
 1.05398060e-01  9.59669097e-02 
 1.05420735e-01  1.00666001e-01 
 1.05443410e-01  1.05252694e-01 
 1.05466085e-01  1.09691458e-01 
 1.05488760e-01  1.14003990e-01 
 1.05511435e-01  1.18170378e-01 
 1.05534110e-01  1.22196919e-01 
 1.05556785e-01  1.26061417e-01 
 1.05579460e-01  1.29786928e-01 
 1.05602135e-01  1.33345001e-01 
 1.05624810e-01  1.36752185e-01 
 1.05647485e-01  1.39992540e-01 
 1.05670160e-01  1.43077269e-01 
 1.05692835e-01  1.45983240e-01 
 1.05715510e-01  1.48735976e-01 
 1.05738185e-01  1.51298329e-01 
 1.05760860e-01  1.53707606e-01 
 1.05783535e-01  1.55924089e-01 
 1.05806210e-01  1.57980524e-01 
 1.05828885e-01  1.59841250e-01 
 1.05851560e-01  1.61536671e-01 
 1.05874235e-01  1.63034095e-01 
 1.05896910e-01  1.64359194e-01 
 1.05919585e-01  1.65504023e-01 
 1.05942260e-01  1.66460715e-01 
 1.05964935e-01  1.67226847e-01 
 1.05987610e-01  1.67819652e-01 
 1.06010285e-01  1.68211969e-01 
 1.06032960e-01  1.68424421e-01 
 1.06055635e-01  1.68452504e-01 
 1.06078310e-01  1.68286376e-01 
 1.06100985e-01  1.67946086e-01 
 1.06123660e-01  1.67405958e-01 
 1.06146335e-01  1.66684953e-01 
 1.06169010e-01  1.65780382e-01 
 1.06191685e-01  1.64690764e-01 
 1.06214360e-01  1.63407877e-01 
 1.06237035e-01  1.61952249e-01 
 1.06259710e-01  1.60315659e-01 
 1.06282385e-01  1.58488344e-01 
 1.06305060e-01  1.56493330e-01 
 1.06327735e-01  1.54312788e-01 
 1.06350410e-01  1.51954694e-01 
 1.06373085e-01  1.49425705e-01 
 1.06395760e-01  1.46724619e-01 
 1.06418435e-01  1.43851609e-01 
 1.06441110e-01  1.40812459e-01 
 1.06463785e-01  1.37605735e-01 
 1.06486460e-01  1.34234131e-01 
 1.06509135e-01  1.30710314e-01 
 1.06531810e-01  1.27025874e-01 
 1.06554485e-01  1.23183521e-01 
 1.06577160e-01  1.19196217e-01 
 1.06599835e-01  1.15051063e-01 
 1.06622510e-01  1.10777170e-01 
 1.06645185e-01  1.06349051e-01 
 1.06667860e-01  1.01798113e-01 
 1.06690535e-01  9.71087992e-02 
 1.06713210e-01  9.22893307e-02 
 1.06735885e-01  8.73531519e-02 
 1.06758560e-01  8.22952133e-02 
 1.06781235e-01  7.71313657e-02 
 1.06803910e-01  7.18512616e-02 
 1.06826585e-01  6.64808640e-02 
 1.06849260e-01  6.10100470e-02 
 1.06871935e-01  5.54530900e-02 
 1.06894610e-01  4.98216878e-02 
 1.06917285e-01  4.41069716e-02 
 1.06939960e-01  3.83425137e-02 
 1.06962635e-01  3.25123866e-02 
 1.06985310e-01  2.66585077e-02 
 1.07007985e-01  2.07550681e-02 
 1.07030660e-01  1.48513664e-02 
 1.07053335e-01  8.95120003e-03 
 1.07076010e-01  3.07355494e-03 
 1.07098685e-01 -2.75490395e-03 
 1.07121360e-01 -8.48390161e-03 
 1.07144035e-01 -1.40979590e-02 
 1.07166710e-01 -1.95344813e-02 
 1.07189385e-01 -2.47499541e-02 
 1.07212060e-01 -2.96726886e-02 
 1.07234735e-01 -3.42677619e-02 
 1.07257410e-01 -3.84585797e-02 
 1.07280085e-01 -4.22408558e-02 
 1.07302760e-01 -4.56415238e-02 
 1.07325435e-01 -4.87155374e-02 
 1.07348110e-01 -5.14719295e-02 
 1.07370785e-01 -5.39721669e-02 
 1.07393460e-01 -5.62328641e-02 
 1.07416135e-01 -5.82949158e-02 
 1.07438810e-01 -6.01701032e-02 
 1.07461485e-01 -6.18815207e-02 
 1.07484160e-01 -6.34506689e-02 
 1.07506835e-01 -6.48910441e-02 
 1.07529510e-01 -6.62168337e-02 
 1.07552185e-01 -6.74411458e-02 
 1.07574860e-01 -6.85733097e-02 
 1.07597535e-01 -6.96236612e-02 
 1.07620210e-01 -7.05979506e-02 
 1.07642885e-01 -7.15060349e-02 
 1.07665560e-01 -7.23514592e-02 
 1.07688235e-01 -7.31412776e-02 
 1.07710910e-01 -7.38799683e-02 
 1.07733585e-01 -7.45701468e-02 
 1.07756260e-01 -7.52168887e-02 
 1.07778935e-01 -7.58233293e-02 
 1.07801610e-01 -7.63921719e-02 
 1.07824285e-01 -7.69255738e-02 
 1.07846960e-01 -7.74262938e-02 
 1.07869635e-01 -7.78967867e-02 
 1.07892310e-01 -7.83374832e-02 
 1.07914985e-01 -7.87519206e-02 
 1.07937660e-01 -7.91404047e-02 
 1.07960335e-01 -7.95038759e-02 
 1.07983010e-01 -7.98460250e-02 
 1.08005685e-01 -8.01646580e-02 
 1.08028360e-01 -8.04639595e-02 
 1.08051035e-01 -8.07423613e-02 
 1.08073710e-01 -8.10028947e-02 
 1.08096385e-01 -8.12443065e-02 
 1.08119060e-01 -8.14684180e-02 
 1.08141735e-01 -8.16756680e-02 
 1.08164410e-01 -8.18665545e-02 
 1.08187085e-01 -8.20424574e-02 
 1.08209760e-01 -8.22028489e-02 
 1.08232435e-01 -8.23477809e-02 
 1.08255110e-01 -8.24795310e-02 
 1.08277785e-01 -8.25964408e-02 
 1.08300460e-01 -8.27006754e-02 
 1.08323135e-01 -8.27906297e-02 
 1.08345810e-01 -8.28684851e-02 
 1.08368485e-01 -8.29330171e-02 
 1.08391160e-01 -8.29848585e-02 
 1.08413835e-01 -8.30244498e-02 
 1.08436510e-01 -8.30523619e-02 
 1.08459185e-01 -8.30676810e-02 
 1.08481860e-01 -8.30710969e-02 
 1.08504535e-01 -8.30629325e-02 
 1.08527210e-01 -8.30426230e-02 
 1.08549885e-01 -8.30100426e-02 
 1.08572560e-01 -8.29670298e-02 
 1.08595235e-01 -8.29111078e-02 
 1.08617910e-01 -8.28439732e-02 
 1.08640585e-01 -8.27648939e-02 
 1.08663260e-01 -8.26737496e-02 
 1.08685935e-01 -8.25703107e-02 
 1.08708610e-01 -8.24552394e-02 
 1.08731285e-01 -8.23277067e-02 
 1.08753960e-01 -8.21872999e-02 
 1.08776635e-01 -8.20348104e-02 
 1.08799310e-01 -8.18699409e-02 
 1.08821985e-01 -8.16905368e-02 
 1.08844660e-01 -8.14983420e-02 
 1.08867335e-01 -8.12929402e-02 
 1.08890010e-01 -8.10724394e-02 
 1.08912685e-01 -8.08379548e-02 
 1.08935360e-01 -8.05885841e-02 
 1.08958035e-01 -8.03241846e-02 
 1.08980710e-01 -8.00434214e-02 
 1.09000000e-01 -7.97911585e-02 
