 1.00019142e-01 -1.93230601e-02 
 1.00041817e-01  1.87985212e-02 
 1.00064492e-01  5.77722960e-02 
 1.00087167e-01  9.38306528e-02 
 1.00109842e-01  1.25412503e-01 
 1.00132517e-01  1.51273763e-01 
 1.00155192e-01  1.70709469e-01 
 1.00177867e-01  1.83117252e-01 
 1.00200542e-01  1.88172761e-01 
 1.00223217e-01  1.85736535e-01 
 1.00245892e-01  1.75872307e-01 
 1.00268567e-01  1.58846264e-01 
 1.00291242e-01  1.35124021e-01 
 1.00313917e-01  1.05437505e-01 
 1.00336592e-01  7.07590823e-02 
 1.00359267e-01  3.25233820e-02 
 1.00381942e-01 -6.79186857e-03 
 1.00404617e-01 -4.09896297e-02 
 1.00427292e-01 -6.13519036e-02 
 1.00449967e-01 -7.24287782e-02 
 1.00472642e-01 -7.91194085e-02 
 1.00495317e-01 -8.35016519e-02 
 1.00517992e-01 -8.65054895e-02 
 1.00540667e-01 -8.85871125e-02 
 1.00563342e-01 -8.99485454e-02 
 1.00586017e-01 -9.07600485e-02 
 1.00608692e-01 -9.11059975e-02 
 1.00631367e-01 -9.10164671e-02 
 1.00654042e-01 -9.04948665e-02 
 1.00676717e-01 -8.95068025e-02 
 1.00699392e-01 -8.79809461e-02 
 1.00722067e-01 -8.57842856e-02 
 1.00744742e-01 -8.26856970e-02 
 1.00767417e-01 -7.82708671e-02 
 1.00790092e-01 -7.16247059e-02 
 1.00812767e-01 -6.10534168e-02 
 1.00835442e-01 -4.24163788e-02 
 1.00858117e-01 -1.04571617e-02 
 1.00880792e-01  2.85278073e-02 
 1.00903467e-01  6.69308343e-02 
 1.00926142e-01  1.02061423e-01 
 1.00948817e-01  1.32271741e-01 
 1.00971492e-01  1.56626632e-01 
 1.00994167e-01  1.74338332e-01 
 1.01016842e-01  1.84950253e-01 
 1.01039517e-01  1.88147219e-01 
 1.01062192e-01  1.83850880e-01 
 1.01084867e-01  1.72167976e-01 
 1.01107542e-01  1.53424922e-01 
 1.01130217e-01  1.28146048e-01 
 1.01152892e-01  9.71075888e-02 
 1.01175567e-01  6.13892871e-02 
 1.01198242e-01  2.26061045e-02 
 1.01220917e-01 -1.63078017e-02 
 1.01243592e-01 -4.74759838e-02 
 1.01266267e-01 -6.48133647e-02 
 1.01288942e-01 -7.45037005e-02 
 1.01311617e-01 -8.04976236e-02 
 1.01334292e-01 -8.44787006e-02 
 1.01356967e-01 -8.72545655e-02 
 1.01379642e-01 -8.91074736e-02 
 1.01402317e-01 -9.03175075e-02 
 1.01424992e-01 -9.10086020e-02 
 1.01447667e-01 -9.12445350e-02 
 1.01470342e-01 -9.10487958e-02 
 1.01493017e-01 -9.04150751e-02 
 1.01515692e-01 -8.93022092e-02 
 1.01538367e-01 -8.76239329e-02 
 1.01561042e-01 -8.52294571e-02 
 1.01583717e-01 -8.18531076e-02 
 1.01606392e-01 -7.69507304e-02 
 1.01629067e-01 -6.95934839e-02 
 1.01651742e-01 -5.75269811e-02 
 1.01674417e-01 -3.58208728e-02 
 1.01697092e-01 -1.15810569e-03 
 1.01719767e-01  3.82077132e-02 
 1.01742442e-01  7.59105582e-02 
 1.01765117e-01  1.09969396e-01 
 1.01787792e-01  1.38789546e-01 
 1.01810467e-01  1.61563929e-01 
 1.01833142e-01  1.77537143e-01 
 1.01855817e-01  1.86331316e-01 
 1.01878492e-01  1.87646363e-01 
 1.01901167e-01  1.81509636e-01 
 1.01923842e-01  1.68026632e-01 
 1.01946517e-01  1.47599866e-01 
 1.01969192e-01  1.20797132e-01 
 1.01991867e-01  8.84878150e-02 
 1.02014542e-01  5.18259163e-02 
 1.02037217e-01  1.26275347e-02 
 1.02059892e-01 -2.53734735e-02 
 1.02082567e-01 -5.30370031e-02 
 1.02105242e-01 -6.78228529e-02 
 1.02127917e-01 -7.63717611e-02 
 1.02150592e-01 -8.17534043e-02 
 1.02173267e-01 -8.53777243e-02 
 1.02195942e-01 -8.79014236e-02 
 1.02218617e-01 -8.95820897e-02 
 1.02241292e-01 -9.06530106e-02 
 1.02263967e-01 -9.12279819e-02 
 1.02286642e-01 -9.13545499e-02 
 1.02309317e-01 -9.10519520e-02 
 1.02331992e-01 -9.03039184e-02 
 1.02354667e-01 -8.90611644e-02 
 1.02377342e-01 -8.72218718e-02 
 1.02400017e-01 -8.46142331e-02 
 1.02422692e-01 -8.09299857e-02 
 1.02445367e-01 -7.55278352e-02 
 1.02468042e-01 -6.72803741e-02 
 1.02490717e-01 -5.34321952e-02 
 1.02513392e-01 -2.82754483e-02 
 1.02536067e-01  8.40930299e-03 
 1.02558742e-01  4.77419275e-02 
 1.02581417e-01  8.46671504e-02 
 1.02604092e-01  1.17559873e-01 
 1.02626767e-01  1.44928571e-01 
 1.02649442e-01  1.66080120e-01 
 1.02672117e-01  1.80286671e-01 
 1.02694792e-01  1.87247378e-01 
 1.02717467e-01  1.86701493e-01 
 1.02740142e-01  1.78711176e-01 
 1.02762817e-01  1.63458175e-01 
 1.02785492e-01  1.41385010e-01 
 1.02808167e-01  1.13118317e-01 
 1.02830842e-01  7.96016043e-02 
 1.02853517e-01  4.20893986e-02 
 1.02876192e-01  2.70808339e-03 
 1.02898867e-01 -3.37885969e-02 
 1.02921542e-01 -5.77728672e-02 
 1.02944217e-01 -7.04718118e-02 
 1.02966892e-01 -7.80505247e-02 
 1.02989567e-01 -8.29026664e-02 
 1.03012242e-01 -8.62054538e-02 
 1.03034917e-01 -8.84996874e-02 
 1.03057592e-01 -9.00170397e-02 
 1.03080267e-01 -9.09574252e-02 
 1.03102942e-01 -9.14170342e-02 
 1.03125617e-01 -9.14363011e-02 
 1.03148292e-01 -9.10259188e-02 
 1.03170967e-01 -9.01608550e-02 
 1.03193642e-01 -8.87810217e-02 
 1.03216317e-01 -8.67709774e-02 
 1.03238992e-01 -8.39311036e-02 
 1.03261667e-01 -7.99052312e-02 
 1.03284342e-01 -7.39313093e-02 
 1.03307017e-01 -6.46345594e-02 
 1.03329692e-01 -4.86311194e-02 
 1.03352367e-01 -1.99697197e-02 
 1.03375042e-01  1.81278645e-02 
 1.03397717e-01  5.71146937e-02 
 1.03420392e-01  9.31888932e-02 
 1.03443067e-01  1.24799241e-01 
 1.03465742e-01  1.50692462e-01 
 1.03488417e-01  1.70155992e-01 
 1.03511092e-01  1.82599921e-01 
 1.03533767e-01  1.87687562e-01 
 1.03556442e-01  1.85295330e-01 
 1.03579117e-01  1.75460780e-01 
 1.03601792e-01  1.58469746e-01 
 1.03624467e-01  1.34778494e-01 
 1.03647142e-01  1.05112768e-01 
 1.03669817e-01  7.04588571e-02 
 1.03692492e-01  3.22350520e-02 
 1.03715167e-01 -7.07783053e-03 
 1.03737842e-01 -4.13264770e-02 
 1.03760517e-01 -6.17557356e-02 
 1.03783192e-01 -7.28629623e-02 
 1.03805867e-01 -7.95673062e-02 
 1.03828542e-01 -8.39569524e-02 
 1.03851217e-01 -8.69665475e-02 
 1.03873892e-01 -8.90519021e-02 
 1.03896567e-01 -9.04160596e-02 
 1.03919242e-01 -9.12288926e-02 
 1.03941917e-01 -9.15774968e-02 
 1.03964592e-01 -9.14894347e-02 
 1.03987267e-01 -9.09697386e-02 
 1.04009942e-01 -8.99840578e-02 
 1.04032617e-01 -8.84602148e-02 
 1.04055292e-01 -8.62672367e-02 
 1.04077967e-01 -8.31735701e-02 
 1.04100642e-01 -7.87673858e-02 
 1.04123317e-01 -7.21331241e-02 
 1.04145992e-01 -6.15915814e-02 
 1.04168667e-01 -4.30019268e-02 
 1.04191342e-01 -1.11002163e-02 
 1.04214017e-01  2.78900647e-02 
 1.04236692e-01  6.62824774e-02 
 1.04259367e-01  1.01433110e-01 
 1.04282042e-01  1.31674735e-01 
 1.04304717e-01  1.56054521e-01 
 1.04327392e-01  1.73807885e-01 
 1.04350067e-01  1.84444851e-01 
 1.04372742e-01  1.87682614e-01 
 1.04395417e-01  1.83418782e-01 
 1.04418092e-01  1.71778026e-01 
 1.04440767e-01  1.53058704e-01 
 1.04463442e-01  1.27811294e-01 
 1.04486117e-01  9.68040698e-02 
 1.04508792e-01  6.11026569e-02 
 1.04531467e-01  2.23246197e-02 
 1.04554142e-01 -1.65954258e-02 
 1.04576817e-01 -4.78275763e-02 
 1.04599492e-01 -6.52191461e-02 
 1.04622167e-01 -7.49347340e-02 
 1.04644842e-01 -8.09410664e-02 
 1.04667517e-01 -8.49273487e-02 
 1.04690192e-01 -8.77086658e-02 
 1.04712867e-01 -8.95649555e-02 
 1.04735542e-01 -9.07773389e-02 
 1.04758217e-01 -9.14708706e-02 
 1.04780892e-01 -9.17083304e-02 
 1.04803567e-01 -9.15144228e-02 
 1.04826242e-01 -9.08833722e-02 
 1.04848917e-01 -8.97716218e-02 
 1.04871592e-01 -8.80969993e-02 
 1.04894267e-01 -8.57062077e-02 
 1.04916942e-01 -8.23350191e-02 
 1.04939617e-01 -7.74989116e-02 
 1.04962292e-01 -7.00986278e-02 
 1.04984967e-01 -5.80670654e-02 
 1.05007642e-01 -3.64151270e-02 
 1.05030317e-01 -1.81221539e-03 
 1.05052992e-01  3.75644371e-02 
 1.05075667e-01  7.52752757e-02 
 1.05098342e-01  1.09367716e-01 
 1.05121017e-01  1.38199468e-01 
 1.05143692e-01  1.61013439e-01 
 1.05166367e-01  1.77016872e-01 
 1.05189042e-01  1.85846403e-01 
 1.05211717e-01  1.87202151e-01 
 1.05234392e-01  1.81094003e-01 
 1.05257067e-01  1.67647678e-01 
 1.05279742e-01  1.47251956e-01 
 1.05302417e-01  1.20482456e-01 
 1.05325092e-01  8.81936392e-02 
 1.05347767e-01  5.15520289e-02 
 1.05370442e-01  1.23589184e-02 
 1.05393117e-01 -2.56644207e-02 
 1.05415792e-01 -5.34001605e-02 
 1.05438467e-01 -6.82289122e-02 
 1.05461142e-01 -7.67976119e-02 
 1.05483817e-01 -8.21896125e-02 
 1.05506492e-01 -8.58208639e-02 
 1.05529167e-01 -8.83487125e-02 
 1.05551842e-01 -9.00323923e-02 
 1.05574517e-01 -9.11065139e-02 
 1.05597192e-01 -9.16825683e-02 
 1.05619867e-01 -9.18111557e-02 
 1.05642542e-01 -9.15105066e-02 
 1.05665217e-01 -9.07651019e-02 
 1.05687892e-01 -8.95238339e-02 
 1.05710567e-01 -8.76881620e-02 
 1.05733242e-01 -8.50842758e-02 
 1.05755917e-01 -8.14058986e-02 
 1.05778592e-01 -7.60147625e-02 
 1.05801267e-01 -6.77844583e-02 
 1.05823942e-01 -5.39730830e-02 
 1.05846617e-01 -2.88811796e-02 
 1.05869292e-01  7.75778949e-03 
 1.05891967e-01  4.71143523e-02 
 1.05914642e-01  8.40415519e-02 
 1.05937317e-01  1.16965530e-01 
 1.05959992e-01  1.44353168e-01 
 1.05982667e-01  1.65544873e-01 
 1.06005342e-01  1.79780249e-01 
 1.06028017e-01  1.86777959e-01 
 1.06050692e-01  1.86266760e-01 
 1.06073367e-01  1.78312975e-01 
 1.06096042e-01  1.63099082e-01 
 1.06118717e-01  1.41050357e-01 
 1.06141392e-01  1.12824585e-01 
 1.06164067e-01  7.93165309e-02 
 1.06186742e-01  4.18230541e-02 
 1.06209417e-01  2.44261352e-03 
 1.06232092e-01 -3.41238757e-02 
 1.06254767e-01 -5.81415708e-02 
 1.06277442e-01 -7.08780117e-02 
 1.06300117e-01 -7.84705642e-02 
 1.06322792e-01 -8.33339490e-02 
 1.06345467e-01 -8.66420322e-02 
 1.06368142e-01 -8.89407864e-02 
 1.06390817e-01 -9.04611452e-02 
 1.06413492e-01 -9.14030408e-02 
 1.06436167e-01 -9.18646168e-02 
 1.06458842e-01 -9.18857920e-02 
 1.06481517e-01 -9.14772070e-02 
 1.06504192e-01 -9.06145259e-02 
 1.06526867e-01 -8.92371106e-02 
 1.06549542e-01 -8.72305998e-02 
 1.06572217e-01 -8.43944899e-02 
 1.06594892e-01 -8.03756992e-02 
 1.06617567e-01 -7.44130745e-02 
 1.06640242e-01 -6.51388770e-02 
 1.06662917e-01 -4.91822276e-02 
 1.06685592e-01 -2.05822476e-02 
 1.06708267e-01  1.74912937e-02 
 1.06730942e-01  5.64834420e-02 
 1.06753617e-01  9.25786768e-02 
 1.06776292e-01  1.24207884e-01 
 1.06798967e-01  1.50138961e-01 
 1.06821642e-01  1.69636030e-01 
 1.06844317e-01  1.82110344e-01 
 1.06866992e-01  1.87234713e-01 
 1.06889667e-01  1.84879467e-01 
 1.06912342e-01  1.75081892e-01 
 1.06935017e-01  1.58119239e-01 
 1.06957692e-01  1.34463306e-01 
 1.06980367e-01  1.04831560e-01 
 1.07003042e-01  7.01886643e-02 
 1.07025717e-01  3.19776346e-02 
 1.07048392e-01 -7.33704938e-03 
 1.07071067e-01 -4.16353366e-02 
 1.07093742e-01 -6.21286444e-02 
 1.07116417e-01 -7.32654543e-02 
 1.07139092e-01 -7.99841821e-02 
 1.07161767e-01 -8.43822485e-02 
 1.07184442e-01 -8.73973085e-02 
 1.07207117e-01 -8.94856726e-02 
 1.07229792e-01 -9.08529599e-02 
 1.07252467e-01 -9.16679063e-02 
 1.07275142e-01 -9.20179932e-02 
 1.07297817e-01 -9.19319504e-02 
 1.07320492e-01 -9.14142329e-02 
 1.07343167e-01 -9.04309651e-02 
 1.07365842e-01 -8.89100035e-02 
 1.07388517e-01 -8.67197851e-02 
 1.07411192e-01 -8.36314858e-02 
 1.07433867e-01 -7.92319168e-02 
 1.07456542e-01 -7.26113285e-02 
 1.07479217e-01 -6.20942498e-02 
 1.07501892e-01 -4.35599946e-02 
 1.07524567e-01 -1.17118947e-02 
 1.07547242e-01  2.72352613e-02 
 1.07569917e-01  6.56739532e-02 
 1.07592592e-01  1.00832182e-01 
 1.07615267e-01  1.31104642e-01 
 1.07637942e-01  1.55516744e-01 
 1.07660617e-01  1.73299471e-01 
 1.07683292e-01  1.83978174e-01 
 1.07705967e-01  1.87245195e-01 
 1.07728642e-01  1.83021732e-01 
 1.07751317e-01  1.71408518e-01 
 1.07773992e-01  1.52729517e-01 
 1.07796667e-01  1.27509296e-01 
 1.07819342e-01  9.65256366e-02 
 1.07842017e-01  6.08437532e-02 
 1.07864692e-01  2.20782388e-02 
 1.07887367e-01 -1.68521792e-02 
 1.07910042e-01 -4.81526507e-02 
 1.07932717e-01 -6.55944683e-02 
 1.07955392e-01 -7.53339387e-02 
 1.07978067e-01 -8.13534938e-02 
 1.08000742e-01 -8.53466908e-02 
 1.08023417e-01 -8.81334394e-02 
 1.08046092e-01 -8.99926307e-02 
 1.08068767e-01 -9.12073473e-02 
 1.08091442e-01 -9.19023998e-02 
 1.08114117e-01 -9.21424240e-02 
 1.08136792e-01 -9.19504595e-02 
 1.08159467e-01 -9.13212859e-02 
 1.08182142e-01 -9.02120843e-02 
 1.08204817e-01 -8.85403073e-02 
 1.08227492e-01 -8.61534801e-02 
 1.08250167e-01 -8.27867494e-02 
 1.08272842e-01 -7.79587558e-02 
 1.08295517e-01 -7.05754825e-02 
 1.08318192e-01 -5.85737881e-02 
 1.08340867e-01 -3.69847925e-02 
 1.08363542e-01 -2.42743638e-03 
 1.08386217e-01  3.69358456e-02 
 1.08408892e-01  7.46672798e-02 
 1.08431567e-01  1.08788567e-01 
 1.08454242e-01  1.37643078e-01 
 1.08476917e-01  1.60488031e-01 
 1.08499592e-01  1.76526652e-01 
 1.08522267e-01  1.85386773e-01 
 1.08544942e-01  1.86783229e-01 
 1.08567617e-01  1.80710803e-01 
 1.08590292e-01  1.67296676e-01 
 1.08612967e-01  1.46938249e-01 
 1.08635642e-01  1.20193685e-01 
 1.08658317e-01  8.79276074e-02 
 1.08680992e-01  5.13011913e-02 
 1.08703667e-01  1.21216699e-02 
 1.08726342e-01 -2.59271996e-02 
 1.08749017e-01 -5.37310784e-02 
 1.08771692e-01 -6.86053626e-02 
 1.08794367e-01 -7.71933312e-02 
 1.08817042e-01 -8.25971320e-02 
 1.08839717e-01 -8.62345974e-02 
 1.08862392e-01 -8.87669852e-02 
 1.08885067e-01 -9.04532984e-02 
 1.08907742e-01 -9.15297808e-02 
 1.08930417e-01 -9.21079101e-02 
 1.08953092e-01 -9.22384720e-02 
 1.08975767e-01 -9.19399625e-02 
 1.08998442e-01 -9.11962418e-02 
 1.09000000e-01 -9.11199194e-02 
