 1.00006015e-01 -1.11211642e-02 
 1.00028690e-01 -1.76247094e-03 
 1.00051365e-01  7.78494927e-03 
 1.00074040e-01  1.74133916e-02 
 1.00096715e-01  2.71202161e-02 
 1.00119390e-01  3.68241519e-02 
 1.00142065e-01  4.65194481e-02 
 1.00164740e-01  5.61512969e-02 
 1.00187415e-01  6.57271772e-02 
 1.00210090e-01  7.51865898e-02 
 1.00232765e-01  8.45420051e-02 
 1.00255440e-01  9.37637003e-02 
 1.00278115e-01  1.02842283e-01 
 1.00300790e-01  1.11746186e-01 
 1.00323465e-01  1.20481353e-01 
 1.00346140e-01  1.29022655e-01 
 1.00368815e-01  1.37381937e-01 
 1.00391490e-01  1.45510457e-01 
 1.00414165e-01  1.53446032e-01 
 1.00436840e-01  1.61140375e-01 
 1.00459515e-01  1.68606123e-01 
 1.00482190e-01  1.75833493e-01 
 1.00504865e-01  1.82819326e-01 
 1.00527540e-01  1.89557065e-01 
 1.00550215e-01  1.96036653e-01 
 1.00572890e-01  2.02238840e-01 
 1.00595565e-01  2.08182836e-01 
 1.00618240e-01  2.13854322e-01 
 1.00640915e-01  2.19251708e-01 
 1.00663590e-01  2.24370479e-01 
 1.00686265e-01  2.29191568e-01 
 1.00708940e-01  2.33732863e-01 
 1.00731615e-01  2.37996413e-01 
 1.00754290e-01  2.41953263e-01 
 1.00776965e-01  2.45604079e-01 
 1.00799640e-01  2.48982447e-01 
 1.00822315e-01  2.52041858e-01 
 1.00844990e-01  2.54817603e-01 
 1.00867665e-01  2.57276621e-01 
 1.00890340e-01  2.59440538e-01 
 1.00913015e-01  2.61279060e-01 
 1.00935690e-01  2.62831124e-01 
 1.00958365e-01  2.64073588e-01 
 1.00981040e-01  2.65003893e-01 
 1.01003715e-01  2.65618563e-01 
 1.01026390e-01  2.65944651e-01 
 1.01049065e-01  2.65946485e-01 
 1.01071740e-01  2.65638888e-01 
 1.01094415e-01  2.65026030e-01 
 1.01117090e-01  2.64106451e-01 
 1.01139765e-01  2.62877657e-01 
 1.01162440e-01  2.61347174e-01 
 1.01185115e-01  2.59489924e-01 
 1.01207790e-01  2.57358664e-01 
 1.01230465e-01  2.54902764e-01 
 1.01253140e-01  2.52148736e-01 
 1.01275815e-01  2.49104395e-01 
 1.01298490e-01  2.45751708e-01 
 1.01321165e-01  2.42101380e-01 
 1.01343840e-01  2.38156236e-01 
 1.01366515e-01  2.33932356e-01 
 1.01389190e-01  2.29409705e-01 
 1.01411865e-01  2.24600449e-01 
 1.01434540e-01  2.19517813e-01 
 1.01457215e-01  2.14146276e-01 
 1.01479890e-01  2.08511477e-01 
 1.01502565e-01  2.02595574e-01 
 1.01525240e-01  1.96409844e-01 
 1.01547915e-01  1.89976376e-01 
 1.01570590e-01  1.83275602e-01 
 1.01593265e-01  1.76333799e-01 
 1.01615940e-01  1.69145690e-01 
 1.01638615e-01  1.61714250e-01 
 1.01661290e-01  1.54055315e-01 
 1.01683965e-01  1.46171819e-01 
 1.01706640e-01  1.38075023e-01 
 1.01729315e-01  1.29757655e-01 
 1.01751990e-01  1.21259084e-01 
 1.01774665e-01  1.12561512e-01 
 1.01797340e-01  1.03699452e-01 
 1.01820015e-01  9.46594531e-02 
 1.01842690e-01  8.54570162e-02 
 1.01865365e-01  7.61163239e-02 
 1.01888040e-01  6.66555218e-02 
 1.01910715e-01  5.70737507e-02 
 1.01933390e-01  4.73921951e-02 
 1.01956065e-01  3.76402657e-02 
 1.01978740e-01  2.78351428e-02 
 1.02001415e-01  1.79890246e-02 
 1.02024090e-01  8.15096867e-03 
 1.02046765e-01 -1.66507596e-03 
 1.02069440e-01 -1.14113314e-02 
 1.02092115e-01 -2.10374626e-02 
 1.02114790e-01 -3.05012471e-02 
 1.02137465e-01 -3.97301856e-02 
 1.02160140e-01 -4.86457435e-02 
 1.02182815e-01 -5.71435200e-02 
 1.02205490e-01 -6.51343371e-02 
 1.02228165e-01 -7.24768516e-02 
 1.02250840e-01 -7.90981990e-02 
 1.02273515e-01 -8.49022318e-02 
 1.02296190e-01 -8.99047454e-02 
 1.02318865e-01 -9.42188607e-02 
 1.02341540e-01 -9.79198421e-02 
 1.02364215e-01 -1.01089119e-01 
 1.02386890e-01 -1.03819857e-01 
 1.02409565e-01 -1.06172199e-01 
 1.02432240e-01 -1.08206870e-01 
 1.02454915e-01 -1.09968079e-01 
 1.02477590e-01 -1.11503727e-01 
 1.02500265e-01 -1.12842797e-01 
 1.02522940e-01 -1.14017147e-01 
 1.02545615e-01 -1.15048671e-01 
 1.02568290e-01 -1.15961313e-01 
 1.02590965e-01 -1.16767411e-01 
 1.02613640e-01 -1.17484387e-01 
 1.02636315e-01 -1.18123174e-01 
 1.02658990e-01 -1.18693114e-01 
 1.02681665e-01 -1.19202240e-01 
 1.02704340e-01 -1.19658075e-01 
 1.02727015e-01 -1.20066937e-01 
 1.02749690e-01 -1.20434163e-01 
 1.02772365e-01 -1.20763431e-01 
 1.02795040e-01 -1.21059514e-01 
 1.02817715e-01 -1.21325192e-01 
 1.02840390e-01 -1.21563751e-01 
 1.02863065e-01 -1.21776900e-01 
 1.02885740e-01 -1.21968036e-01 
 1.02908415e-01 -1.22137868e-01 
 1.02931090e-01 -1.22289238e-01 
 1.02953765e-01 -1.22423254e-01 
 1.02976440e-01 -1.22541200e-01 
 1.02999115e-01 -1.22644064e-01 
 1.03021790e-01 -1.22733030e-01 
 1.03044465e-01 -1.22809183e-01 
 1.03067140e-01 -1.22873393e-01 
 1.03089815e-01 -1.22926077e-01 
 1.03112490e-01 -1.22968408e-01 
 1.03135165e-01 -1.23000540e-01 
 1.03157840e-01 -1.23023083e-01 
 1.03180515e-01 -1.23036729e-01 
 1.03203190e-01 -1.23041573e-01 
 1.03225865e-01 -1.23038069e-01 
 1.03248540e-01 -1.23026646e-01 
 1.03271215e-01 -1.23007593e-01 
 1.03293890e-01 -1.22981250e-01 
 1.03316565e-01 -1.22947557e-01 
 1.03339240e-01 -1.22906915e-01 
 1.03361915e-01 -1.22859613e-01 
 1.03384590e-01 -1.22805250e-01 
 1.03407265e-01 -1.22744528e-01 
 1.03429940e-01 -1.22677180e-01 
 1.03452615e-01 -1.22603341e-01 
 1.03475290e-01 -1.22523191e-01 
 1.03497965e-01 -1.22436508e-01 
 1.03520640e-01 -1.22343126e-01 
 1.03543315e-01 -1.22243726e-01 
 1.03565990e-01 -1.22137626e-01 
 1.03588665e-01 -1.22024903e-01 
 1.03611340e-01 -1.21905480e-01 
 1.03634015e-01 -1.21779042e-01 
 1.03656690e-01 -1.21646014e-01 
 1.03679365e-01 -1.21505685e-01 
 1.03702040e-01 -1.21358002e-01 
 1.03724715e-01 -1.21203210e-01 
 1.03747390e-01 -1.21039985e-01 
 1.03770065e-01 -1.20869033e-01 
 1.03792740e-01 -1.20689768e-01 
 1.03815415e-01 -1.20501803e-01 
 1.03838090e-01 -1.20304669e-01 
 1.03860765e-01 -1.20098266e-01 
 1.03883440e-01 -1.19881697e-01 
 1.03906115e-01 -1.19654978e-01 
 1.03928790e-01 -1.19416877e-01 
 1.03951465e-01 -1.19167766e-01 
 1.03974140e-01 -1.18906054e-01 
 1.03996815e-01 -1.18631574e-01 
 1.04019490e-01 -1.18343595e-01 
 1.04042165e-01 -1.18040564e-01 
 1.04064840e-01 -1.17722353e-01 
 1.04087515e-01 -1.17387387e-01 
 1.04110190e-01 -1.17034864e-01 
 1.04132865e-01 -1.16663109e-01 
 1.04155540e-01 -1.16270954e-01 
 1.04178215e-01 -1.15856480e-01 
 1.04200890e-01 -1.15419252e-01 
 1.04223565e-01 -1.14955754e-01 
 1.04246240e-01 -1.14464362e-01 
 1.04268915e-01 -1.13942823e-01 
 1.04291590e-01 -1.13388300e-01 
 1.04314265e-01 -1.12798422e-01 
 1.04336940e-01 -1.12168573e-01 
 1.04359615e-01 -1.11496530e-01 
 1.04382290e-01 -1.10775677e-01 
 1.04404965e-01 -1.10003880e-01 
 1.04427640e-01 -1.09173034e-01 
 1.04450315e-01 -1.08279123e-01 
 1.04472990e-01 -1.07312300e-01 
 1.04495665e-01 -1.06268372e-01 
 1.04518340e-01 -1.05130987e-01 
 1.04541015e-01 -1.03896248e-01 
 1.04563690e-01 -1.02546305e-01 
 1.04586365e-01 -1.01067704e-01 
 1.04609040e-01 -9.94435811e-02 
 1.04631715e-01 -9.76523931e-02 
 1.04654390e-01 -9.56703744e-02 
 1.04677065e-01 -9.34705028e-02 
 1.04699740e-01 -9.10215838e-02 
 1.04722415e-01 -8.82838203e-02 
 1.04745090e-01 -8.52197854e-02 
 1.04767765e-01 -8.17758554e-02 
 1.04790440e-01 -7.79048854e-02 
 1.04813115e-01 -7.35343811e-02 
 1.04835790e-01 -6.85926128e-02 
 1.04858465e-01 -6.30497352e-02 
 1.04881140e-01 -5.68143927e-02 
 1.04903815e-01 -4.98595704e-02 
 1.04926490e-01 -4.22534398e-02 
 1.04949165e-01 -3.40899216e-02 
 1.04971840e-01 -2.54666650e-02 
 1.04994515e-01 -1.64807916e-02 
 1.05017190e-01 -7.22709773e-03 
 1.05039865e-01  2.24376538e-03 
 1.05062540e-01  1.18374341e-02 
 1.05085215e-01  2.15053332e-02 
 1.05107890e-01  3.12244758e-02 
 1.05130565e-01  4.09124157e-02 
 1.05153240e-01  5.05942895e-02 
 1.05175915e-01  6.01885754e-02 
 1.05198590e-01  6.97276405e-02 
 1.05221265e-01  7.91277554e-02 
 1.05243940e-01  8.84246383e-02 
 1.05266615e-01  9.75723470e-02 
 1.05289290e-01  1.06571142e-01 
 1.05311965e-01  1.15388825e-01 
 1.05334640e-01  1.24031277e-01 
 1.05357315e-01  1.32484875e-01 
 1.05379990e-01  1.40728869e-01 
 1.05402665e-01  1.48766621e-01 
 1.05425340e-01  1.56578949e-01 
 1.05448015e-01  1.64174646e-01 
 1.05470690e-01  1.71518689e-01 
 1.05493365e-01  1.78633312e-01 
 1.05516040e-01  1.85495804e-01 
 1.05538715e-01  1.92091811e-01 
 1.05561390e-01  1.98441482e-01 
 1.05584065e-01  2.04519659e-01 
 1.05606740e-01  2.10333041e-01 
 1.05629415e-01  2.15870204e-01 
 1.05652090e-01  2.21129324e-01 
 1.05674765e-01  2.26101839e-01 
 1.05697440e-01  2.30785376e-01 
 1.05720115e-01  2.35194452e-01 
 1.05742790e-01  2.39302878e-01 
 1.05765465e-01  2.43113533e-01 
 1.05788140e-01  2.46631487e-01 
 1.05810815e-01  2.49848149e-01 
 1.05833490e-01  2.52778654e-01 
 1.05856165e-01  2.55392904e-01 
 1.05878840e-01  2.57714446e-01 
 1.05901515e-01  2.59700043e-01 
 1.05924190e-01  2.61416960e-01 
 1.05946865e-01  2.62804029e-01 
 1.05969540e-01  2.63895625e-01 
 1.05992215e-01  2.64672171e-01 
 1.06014890e-01  2.65146001e-01 
 1.06037565e-01  2.65310283e-01 
 1.06060240e-01  2.65161014e-01 
 1.06082915e-01  2.64696444e-01 
 1.06105590e-01  2.63939065e-01 
 1.06128265e-01  2.62867268e-01 
 1.06150940e-01  2.61485578e-01 
 1.06173615e-01  2.59805669e-01 
 1.06196290e-01  2.57811516e-01 
 1.06218965e-01  2.55516138e-01 
 1.06241640e-01  2.52918373e-01 
 1.06264315e-01  2.50005474e-01 
 1.06286990e-01  2.46822034e-01 
 1.06309665e-01  2.43323415e-01 
 1.06332340e-01  2.39536272e-01 
 1.06355015e-01  2.35441035e-01 
 1.06377690e-01  2.31073028e-01 
 1.06400365e-01  2.26414447e-01 
 1.06423040e-01  2.21468653e-01 
 1.06445715e-01  2.16239022e-01 
 1.06468390e-01  2.10727183e-01 
 1.06491065e-01  2.04962731e-01 
 1.06513740e-01  1.98914562e-01 
 1.06536415e-01  1.92611971e-01 
 1.06559090e-01  1.86038004e-01 
 1.06581765e-01  1.79218872e-01 
 1.06604440e-01  1.72154093e-01 
 1.06627115e-01  1.64844742e-01 
 1.06649790e-01  1.57308258e-01 
 1.06672465e-01  1.49525743e-01 
 1.06695140e-01  1.41543700e-01 
 1.06717815e-01  1.33342650e-01 
 1.06740490e-01  1.24936416e-01 
 1.06763165e-01  1.16333720e-01 
 1.06785840e-01  1.07556651e-01 
 1.06808515e-01  9.85995679e-02 
 1.06831190e-01  8.94804073e-02 
 1.06853865e-01  8.01981403e-02 
 1.06876540e-01  7.08085472e-02 
 1.06899215e-01  6.12768992e-02 
 1.06921890e-01  5.16565613e-02 
 1.06944565e-01  4.19302644e-02 
 1.06967240e-01  3.21514059e-02 
 1.06989915e-01  2.23240903e-02 
 1.07012590e-01  1.24740173e-02 
 1.07035265e-01  2.65365073e-03 
 1.07057940e-01 -7.14853909e-03 
 1.07080615e-01 -1.68296340e-02 
 1.07103290e-01 -2.63944973e-02 
 1.07125965e-01 -3.57437998e-02 
 1.07148640e-01 -4.48260468e-02 
 1.07171315e-01 -5.35500987e-02 
 1.07193990e-01 -6.18090225e-02 
 1.07216665e-01 -6.94932951e-02 
 1.07239340e-01 -7.64943067e-02 
 1.07262015e-01 -8.27175054e-02 
 1.07284690e-01 -8.81178514e-02 
 1.07307365e-01 -9.27666927e-02 
 1.07330040e-01 -9.67728921e-02 
 1.07352715e-01 -1.00194595e-01 
 1.07375390e-01 -1.03141851e-01 
 1.07398065e-01 -1.05676571e-01 
 1.07420740e-01 -1.07865902e-01 
 1.07443415e-01 -1.09761006e-01 
 1.07466090e-01 -1.11405395e-01 
 1.07488765e-01 -1.12838429e-01 
 1.07511440e-01 -1.14092966e-01 
 1.07534115e-01 -1.15195082e-01 
 1.07556790e-01 -1.16164574e-01 
 1.07579465e-01 -1.17022337e-01 
 1.07602140e-01 -1.17783855e-01 
 1.07624815e-01 -1.18460329e-01 
 1.07647490e-01 -1.19062773e-01 
 1.07670165e-01 -1.19602062e-01 
 1.07692840e-01 -1.20083760e-01 
 1.07715515e-01 -1.20515938e-01 
 1.07738190e-01 -1.20902914e-01 
 1.07760865e-01 -1.21250858e-01 
 1.07783540e-01 -1.21563082e-01 
 1.07806215e-01 -1.21844023e-01 
 1.07828890e-01 -1.22094572e-01 
 1.07851565e-01 -1.22320934e-01 
 1.07874240e-01 -1.22522219e-01 
 1.07896915e-01 -1.22702632e-01 
 1.07919590e-01 -1.22862584e-01 
 1.07942265e-01 -1.23005345e-01 
 1.07964940e-01 -1.23130683e-01 
 1.07987615e-01 -1.23240630e-01 
 1.08010290e-01 -1.23336206e-01 
 1.08032965e-01 -1.23418560e-01 
 1.08055640e-01 -1.23488562e-01 
 1.08078315e-01 -1.23546746e-01 
 1.08100990e-01 -1.23593821e-01 
 1.08123665e-01 -1.23630799e-01 
 1.08146340e-01 -1.23657585e-01 
 1.08169015e-01 -1.23675430e-01 
 1.08191690e-01 -1.23684228e-01 
 1.08214365e-01 -1.23684890e-01 
 1.08237040e-01 -1.23677238e-01 
 1.08259715e-01 -1.23661682e-01 
 1.08282390e-01 -1.23638863e-01 
 1.08305065e-01 -1.23608549e-01 
 1.08327740e-01 -1.23571201e-01 
 1.08350415e-01 -1.23526740e-01 
 1.08373090e-01 -1.23475814e-01 
 1.08395765e-01 -1.23417793e-01 
 1.08418440e-01 -1.23353784e-01 
 1.08441115e-01 -1.23282792e-01 
 1.08463790e-01 -1.23205335e-01 
 1.08486465e-01 -1.23121812e-01 
 1.08509140e-01 -1.23031616e-01 
 1.08531815e-01 -1.22934984e-01 
 1.08554490e-01 -1.22832278e-01 
 1.08577165e-01 -1.22722095e-01 
 1.08599840e-01 -1.22605969e-01 
 1.08622515e-01 -1.22482761e-01 
 1.08645190e-01 -1.22353173e-01 
 1.08667865e-01 -1.22215999e-01 
 1.08690540e-01 -1.22071864e-01 
 1.08713215e-01 -1.21920421e-01 
 1.08735890e-01 -1.21761049e-01 
 1.08758565e-01 -1.21593999e-01 
 1.08781240e-01 -1.21418620e-01 
 1.08803915e-01 -1.21234595e-01 
 1.08826590e-01 -1.21041997e-01 
 1.08849265e-01 -1.20839958e-01 
 1.08871940e-01 -1.20628237e-01 
 1.08894615e-01 -1.20406565e-01 
 1.08917290e-01 -1.20174203e-01 
 1.08939965e-01 -1.19930589e-01 
 1.08962640e-01 -1.19675145e-01 
 1.08985315e-01 -1.19406903e-01 
 1.09000000e-01 -1.19225884e-01 
