 1.00005410e-01  3.11631625e-03 
 1.00028085e-01  9.30098483e-03 
 1.00050760e-01  1.55536073e-02 
 1.00073435e-01  2.18385005e-02 
 1.00096110e-01  2.81296797e-02 
 1.00118785e-01  3.44137160e-02 
 1.00141460e-01  4.06493016e-02 
 1.00164135e-01  4.68588074e-02 
 1.00186810e-01  5.29924610e-02 
 1.00209485e-01  5.90700436e-02 
 1.00232160e-01  6.50596734e-02 
 1.00254835e-01  7.09573960e-02 
 1.00277510e-01  7.67520770e-02 
 1.00300185e-01  8.24513018e-02 
 1.00322860e-01  8.80314994e-02 
 1.00345535e-01  9.34861018e-02 
 1.00368210e-01  9.88293803e-02 
 1.00390885e-01  1.04025016e-01 
 1.00413560e-01  1.09103069e-01 
 1.00436235e-01  1.14021124e-01 
 1.00458910e-01  1.18816057e-01 
 1.00481585e-01  1.23431343e-01 
 1.00504260e-01  1.27910642e-01 
 1.00526935e-01  1.32219829e-01 
 1.00549610e-01  1.36381617e-01 
 1.00572285e-01  1.40357042e-01 
 1.00594960e-01  1.44182966e-01 
 1.00617635e-01  1.47822797e-01 
 1.00640310e-01  1.51287421e-01 
 1.00662985e-01  1.54576250e-01 
 1.00685660e-01  1.57683931e-01 
 1.00708335e-01  1.60613824e-01 
 1.00731010e-01  1.63342445e-01 
 1.00753685e-01  1.65896394e-01 
 1.00776360e-01  1.68247266e-01 
 1.00799035e-01  1.70421241e-01 
 1.00821710e-01  1.72388631e-01 
 1.00844385e-01  1.74172990e-01 
 1.00867060e-01  1.75750571e-01 
 1.00889735e-01  1.77137479e-01 
 1.00912410e-01  1.78311199e-01 
 1.00935085e-01  1.79304876e-01 
 1.00957760e-01  1.80085334e-01 
 1.00980435e-01  1.80674753e-01 
 1.01003110e-01  1.81053341e-01 
 1.01025785e-01  1.81235758e-01 
 1.01048460e-01  1.81213472e-01 
 1.01071135e-01  1.80994306e-01 
 1.01093810e-01  1.80569223e-01 
 1.01116485e-01  1.79944740e-01 
 1.01139160e-01  1.79125959e-01 
 1.01161835e-01  1.78092421e-01 
 1.01184510e-01  1.76875761e-01 
 1.01207185e-01  1.75448515e-01 
 1.01229860e-01  1.73836641e-01 
 1.01252535e-01  1.72018070e-01 
 1.01275210e-01  1.70012566e-01 
 1.01297885e-01  1.67805481e-01 
 1.01320560e-01  1.65414143e-01 
 1.01343235e-01  1.62832838e-01 
 1.01365910e-01  1.60061124e-01 
 1.01388585e-01  1.57112497e-01 
 1.01411260e-01  1.53972442e-01 
 1.01433935e-01  1.50656290e-01 
 1.01456610e-01  1.47159493e-01 
 1.01479285e-01  1.43487136e-01 
 1.01501960e-01  1.39646097e-01 
 1.01524635e-01  1.35642918e-01 
 1.01547310e-01  1.31466313e-01 
 1.01569985e-01  1.27133537e-01 
 1.01592660e-01  1.22634400e-01 
 1.01615335e-01  1.17991749e-01 
 1.01638010e-01  1.13201903e-01 
 1.01660685e-01  1.08246813e-01 
 1.01683360e-01  1.03168604e-01 
 1.01706035e-01  9.79523274e-02 
 1.01728710e-01  9.26045792e-02 
 1.01751385e-01  8.71346926e-02 
 1.01774060e-01  8.15442369e-02 
 1.01796735e-01  7.58356328e-02 
 1.01819410e-01  7.00263148e-02 
 1.01842085e-01  6.41126494e-02 
 1.01864760e-01  5.81131927e-02 
 1.01887435e-01  5.20245318e-02 
 1.01910110e-01  4.58582371e-02 
 1.01932785e-01  3.96358505e-02 
 1.01955460e-01  3.33413708e-02 
 1.01978135e-01  2.70188589e-02 
 1.02000810e-01  2.06570843e-02 
 1.02023485e-01  1.42804032e-02 
 1.02046160e-01  7.91066234e-03 
 1.02068835e-01  1.57468247e-03 
 1.02091510e-01 -4.71972158e-03 
 1.02114185e-01 -1.09231918e-02 
 1.02136860e-01 -1.69999552e-02 
 1.02159535e-01 -2.29046831e-02 
 1.02182210e-01 -2.85844293e-02 
 1.02204885e-01 -3.39669261e-02 
 1.02227560e-01 -3.90027383e-02 
 1.02250235e-01 -4.36159167e-02 
 1.02272910e-01 -4.77808152e-02 
 1.02295585e-01 -5.15057875e-02 
 1.02318260e-01 -5.48521560e-02 
 1.02340935e-01 -5.78440238e-02 
 1.02363610e-01 -6.05243375e-02 
 1.02386285e-01 -6.29485339e-02 
 1.02408960e-01 -6.51295426e-02 
 1.02431635e-01 -6.71060903e-02 
 1.02454310e-01 -6.88932997e-02 
 1.02476985e-01 -7.05202894e-02 
 1.02499660e-01 -7.20022376e-02 
 1.02522335e-01 -7.33541087e-02 
 1.02545010e-01 -7.45939973e-02 
 1.02567685e-01 -7.57297308e-02 
 1.02590360e-01 -7.67750491e-02 
 1.02613035e-01 -7.77378735e-02 
 1.02635710e-01 -7.86269354e-02 
 1.02658385e-01 -7.94467817e-02 
 1.02681060e-01 -8.02068001e-02 
 1.02703735e-01 -8.09108422e-02 
 1.02726410e-01 -8.15630834e-02 
 1.02749085e-01 -8.21682767e-02 
 1.02771760e-01 -8.27309006e-02 
 1.02794435e-01 -8.32522350e-02 
 1.02817110e-01 -8.37376957e-02 
 1.02839785e-01 -8.41878574e-02 
 1.02862460e-01 -8.46054486e-02 
 1.02885135e-01 -8.49932296e-02 
 1.02907810e-01 -8.53532025e-02 
 1.02930485e-01 -8.56859999e-02 
 1.02953160e-01 -8.59939299e-02 
 1.02975835e-01 -8.62785993e-02 
 1.02998510e-01 -8.65408439e-02 
 1.03021185e-01 -8.67818616e-02 
 1.03043860e-01 -8.70025966e-02 
 1.03066535e-01 -8.72046797e-02 
 1.03089210e-01 -8.73876604e-02 
 1.03111885e-01 -8.75531821e-02 
 1.03134560e-01 -8.77017789e-02 
 1.03157235e-01 -8.78346550e-02 
 1.03179910e-01 -8.79519521e-02 
 1.03202585e-01 -8.80538350e-02 
 1.03225260e-01 -8.81413676e-02 
 1.03247935e-01 -8.82150208e-02 
 1.03270610e-01 -8.82746576e-02 
 1.03293285e-01 -8.83209121e-02 
 1.03315960e-01 -8.83539824e-02 
 1.03338635e-01 -8.83747518e-02 
 1.03361310e-01 -8.83827117e-02 
 1.03383985e-01 -8.83783367e-02 
 1.03406660e-01 -8.83624006e-02 
 1.03429335e-01 -8.83339708e-02 
 1.03452010e-01 -8.82941261e-02 
 1.03474685e-01 -8.82422982e-02 
 1.03497360e-01 -8.81791724e-02 
 1.03520035e-01 -8.81047400e-02 
 1.03542710e-01 -8.80180705e-02 
 1.03565385e-01 -8.79209172e-02 
 1.03588060e-01 -8.78116323e-02 
 1.03610735e-01 -8.76914436e-02 
 1.03633410e-01 -8.75592853e-02 
 1.03656085e-01 -8.74157195e-02 
 1.03678760e-01 -8.72603701e-02 
 1.03701435e-01 -8.70930114e-02 
 1.03724110e-01 -8.69134267e-02 
 1.03746785e-01 -8.67220792e-02 
 1.03769460e-01 -8.65179146e-02 
 1.03792135e-01 -8.63013472e-02 
 1.03814810e-01 -8.60710119e-02 
 1.03837485e-01 -8.58280081e-02 
 1.03860160e-01 -8.55723783e-02 
 1.03882835e-01 -8.53009909e-02 
 1.03905510e-01 -8.50164908e-02 
 1.03928185e-01 -8.47162104e-02 
 1.03950860e-01 -8.44013051e-02 
 1.03973535e-01 -8.40697318e-02 
 1.03996210e-01 -8.37219380e-02 
 1.04018885e-01 -8.33575605e-02 
 1.04041560e-01 -8.29739094e-02 
 1.04064235e-01 -8.25726158e-02 
 1.04086910e-01 -8.21518676e-02 
 1.04109585e-01 -8.17091645e-02 
 1.04132260e-01 -8.12465922e-02 
 1.04154935e-01 -8.07593527e-02 
 1.04177610e-01 -8.02503069e-02 
 1.04200285e-01 -7.97140737e-02 
 1.04222960e-01 -7.91522748e-02 
 1.04245635e-01 -7.85613104e-02 
 1.04268310e-01 -7.79397999e-02 
 1.04290985e-01 -7.72859182e-02 
 1.04313660e-01 -7.65966507e-02 
 1.04336335e-01 -7.58705112e-02 
 1.04359010e-01 -7.51039646e-02 
 1.04381685e-01 -7.42952454e-02 
 1.04404360e-01 -7.34371205e-02 
 1.04427035e-01 -7.25309487e-02 
 1.04449710e-01 -7.15675292e-02 
 1.04472385e-01 -7.05447121e-02 
 1.04495060e-01 -6.94526627e-02 
 1.04517735e-01 -6.82909048e-02 
 1.04540410e-01 -6.70458817e-02 
 1.04563085e-01 -6.57138873e-02 
 1.04585760e-01 -6.42832405e-02 
 1.04608435e-01 -6.27401909e-02 
 1.04631110e-01 -6.10723668e-02 
 1.04653785e-01 -5.92706448e-02 
 1.04676460e-01 -5.73098194e-02 
 1.04699135e-01 -5.51736732e-02 
 1.04721810e-01 -5.28408167e-02 
 1.04744485e-01 -5.02838301e-02 
 1.04767160e-01 -4.74847704e-02 
 1.04789835e-01 -4.43924598e-02 
 1.04812510e-01 -4.09778455e-02 
 1.04835185e-01 -3.72081651e-02 
 1.04857860e-01 -3.30560494e-02 
 1.04880535e-01 -2.84709990e-02 
 1.04903210e-01 -2.34895720e-02 
 1.04925885e-01 -1.81492114e-02 
 1.04948560e-01 -1.25370987e-02 
 1.04971235e-01 -6.68719398e-03 
 1.04993910e-01 -6.72850280e-04 
 1.05016585e-01  5.47159951e-03 
 1.05039260e-01  1.16919903e-02 
 1.05061935e-01  1.79679048e-02 
 1.05084610e-01  2.42538955e-02 
 1.05107285e-01  3.05485293e-02 
 1.05129960e-01  3.68078997e-02 
 1.05152635e-01  4.30397994e-02 
 1.05175310e-01  4.92084138e-02 
 1.05197985e-01  5.53153811e-02 
 1.05220660e-01  6.13485928e-02 
 1.05243335e-01  6.72938647e-02 
 1.05266010e-01  7.31472181e-02 
 1.05288685e-01  7.88927291e-02 
 1.05311360e-01  8.45322222e-02 
 1.05334035e-01  9.00572850e-02 
 1.05356710e-01  9.54541551e-02 
 1.05379385e-01  1.00729658e-01 
 1.05402060e-01  1.05871089e-01 
 1.05424735e-01  1.10865496e-01 
 1.05447410e-01  1.15724729e-01 
 1.05470085e-01  1.20428747e-01 
 1.05492760e-01  1.24982930e-01 
 1.05515435e-01  1.29384148e-01 
 1.05538110e-01  1.33613877e-01 
 1.05560785e-01  1.37686413e-01 
 1.05583460e-01  1.41592055e-01 
 1.05606135e-01  1.45315863e-01 
 1.05628810e-01  1.48879592e-01 
 1.05651485e-01  1.52257703e-01 
 1.05674160e-01  1.55459267e-01 
 1.05696835e-01  1.58471552e-01 
 1.05719510e-01  1.61311856e-01 
 1.05742185e-01  1.63948505e-01 
 1.05764860e-01  1.66410248e-01 
 1.05787535e-01  1.68667276e-01 
 1.05810210e-01  1.70747686e-01 
 1.05832885e-01  1.72617516e-01 
 1.05855560e-01  1.74306174e-01 
 1.05878235e-01  1.75783275e-01 
 1.05900910e-01  1.77066114e-01 
 1.05923585e-01  1.78154220e-01 
 1.05946260e-01  1.79042938e-01 
 1.05968935e-01  1.79730535e-01 
 1.05991610e-01  1.80211178e-01 
 1.06014285e-01  1.80498901e-01 
 1.06036960e-01  1.80582057e-01 
 1.06059635e-01  1.80458874e-01 
 1.06082310e-01  1.80139324e-01 
 1.06104985e-01  1.79621735e-01 
 1.06127660e-01  1.78896510e-01 
 1.06150335e-01  1.77969655e-01 
 1.06173010e-01  1.76854231e-01 
 1.06195685e-01  1.75527404e-01 
 1.06218360e-01  1.74009780e-01 
 1.06241035e-01  1.72301487e-01 
 1.06263710e-01  1.70385561e-01 
 1.06286385e-01  1.68283882e-01 
 1.06309060e-01  1.65987313e-01 
 1.06331735e-01  1.63498893e-01 
 1.06354410e-01  1.60827341e-01 
 1.06377085e-01  1.57963514e-01 
 1.06399760e-01  1.54930322e-01 
 1.06422435e-01  1.51693347e-01 
 1.06445110e-01  1.48290305e-01 
 1.06467785e-01  1.44709831e-01 
 1.06490460e-01  1.40960457e-01 
 1.06513135e-01  1.37023914e-01 
 1.06535810e-01  1.32942570e-01 
 1.06558485e-01  1.28683704e-01 
 1.06581160e-01  1.24268106e-01 
 1.06603835e-01  1.19707433e-01 
 1.06626510e-01  1.14978723e-01 
 1.06649185e-01  1.10115165e-01 
 1.06671860e-01  1.05101546e-01 
 1.06694535e-01  9.99539077e-02 
 1.06717210e-01  9.46738215e-02 
 1.06739885e-01  8.92597913e-02 
 1.06762560e-01  8.37336251e-02 
 1.06785235e-01  7.80860599e-02 
 1.06807910e-01  7.23254916e-02 
 1.06830585e-01  6.64627383e-02 
 1.06853260e-01  6.05147470e-02 
 1.06875935e-01  5.44606755e-02 
 1.06898610e-01  4.83413989e-02 
 1.06921285e-01  4.21408138e-02 
 1.06943960e-01  3.58824265e-02 
 1.06966635e-01  2.95718205e-02 
 1.06989310e-01  2.32319640e-02 
 1.07011985e-01  1.68646008e-02 
 1.07034660e-01  1.04885482e-02 
 1.07057335e-01  4.12532751e-03 
 1.07080010e-01 -2.19423087e-03 
 1.07102685e-01 -8.44693170e-03 
 1.07125360e-01 -1.45890483e-02 
 1.07148035e-01 -2.05954288e-02 
 1.07170710e-01 -2.63904540e-02 
 1.07193385e-01 -3.19320112e-02 
 1.07216060e-01 -3.71526099e-02 
 1.07238735e-01 -4.19836636e-02 
 1.07261410e-01 -4.63836203e-02 
 1.07284085e-01 -5.03204517e-02 
 1.07306760e-01 -5.38526922e-02 
 1.07329435e-01 -5.70216056e-02 
 1.07352110e-01 -5.98513147e-02 
 1.07374785e-01 -6.24042839e-02 
 1.07397460e-01 -6.47014387e-02 
 1.07420135e-01 -6.67787090e-02 
 1.07442810e-01 -6.86607160e-02 
 1.07465485e-01 -7.03649229e-02 
 1.07488160e-01 -7.19185947e-02 
 1.07510835e-01 -7.33338315e-02 
 1.07533510e-01 -7.46278684e-02 
 1.07556185e-01 -7.58145510e-02 
 1.07578860e-01 -7.69051934e-02 
 1.07601535e-01 -7.79090743e-02 
 1.07624210e-01 -7.88323232e-02 
 1.07646885e-01 -7.96872061e-02 
 1.07669560e-01 -8.04774174e-02 
 1.07692235e-01 -8.12080287e-02 
 1.07714910e-01 -8.18849649e-02 
 1.07737585e-01 -8.25145320e-02 
 1.07760260e-01 -8.30975969e-02 
 1.07782935e-01 -8.36395790e-02 
 1.07805610e-01 -8.41420158e-02 
 1.07828285e-01 -8.46094402e-02 
 1.07850960e-01 -8.50427806e-02 
 1.07873635e-01 -8.54458238e-02 
 1.07896310e-01 -8.58190838e-02 
 1.07918985e-01 -8.61647770e-02 
 1.07941660e-01 -8.64848617e-02 
 1.07964335e-01 -8.67813571e-02 
 1.07987010e-01 -8.70541048e-02 
 1.08009685e-01 -8.73056983e-02 
 1.08032360e-01 -8.75363009e-02 
 1.08055035e-01 -8.77475697e-02 
 1.08077710e-01 -8.79393603e-02 
 1.08100385e-01 -8.81136861e-02 
 1.08123060e-01 -8.82705217e-02 
 1.08145735e-01 -8.84109918e-02 
 1.08168410e-01 -8.85359367e-02 
 1.08191085e-01 -8.86452348e-02 
 1.08213760e-01 -8.87395218e-02 
 1.08236435e-01 -8.88198464e-02 
 1.08259110e-01 -8.88859886e-02 
 1.08281785e-01 -8.89389989e-02 
 1.08304460e-01 -8.89784166e-02 
 1.08327135e-01 -8.90055812e-02 
 1.08349810e-01 -8.90194124e-02 
 1.08372485e-01 -8.90206015e-02 
 1.08395160e-01 -8.90103127e-02 
 1.08417835e-01 -8.89878839e-02 
 1.08440510e-01 -8.89537688e-02 
 1.08463185e-01 -8.89076449e-02 
 1.08485860e-01 -8.88503019e-02 
 1.08508535e-01 -8.87808654e-02 
 1.08531210e-01 -8.87002770e-02 
 1.08553885e-01 -8.86083688e-02 
 1.08576560e-01 -8.85049216e-02 
 1.08599235e-01 -8.83896853e-02 
 1.08621910e-01 -8.82634416e-02 
 1.08644585e-01 -8.81254020e-02 
 1.08667260e-01 -8.79757398e-02 
 1.08689935e-01 -8.78140077e-02 
 1.08712610e-01 -8.76403636e-02 
 1.08735285e-01 -8.74546938e-02 
 1.08757960e-01 -8.72568159e-02 
 1.08780635e-01 -8.70458838e-02 
 1.08803310e-01 -8.68227821e-02 
 1.08825985e-01 -8.65861732e-02 
 1.08848660e-01 -8.63363023e-02 
 1.08871335e-01 -8.60726753e-02 
 1.08894010e-01 -8.57947781e-02 
 1.08916685e-01 -8.55023349e-02 
 1.08939360e-01 -8.51942395e-02 
 1.08962035e-01 -8.48712680e-02 
 1.08984710e-01 -8.45314411e-02 
 1.09000000e-01 -8.42932867e-02 
