 1.00001416e-01 -6.27828119e-02 
 1.00024091e-01 -4.33752484e-02 
 1.00046766e-01 -2.06804133e-02 
 1.00069441e-01  3.68096768e-03 
 1.00092116e-01  2.86631223e-02 
 1.00114791e-01  5.36136542e-02 
 1.00137466e-01  7.80766584e-02 
 1.00160141e-01  1.01739410e-01 
 1.00182816e-01  1.24383088e-01 
 1.00205491e-01  1.45788722e-01 
 1.00228166e-01  1.65850980e-01 
 1.00250841e-01  1.84404263e-01 
 1.00273516e-01  2.01364172e-01 
 1.00296191e-01  2.16649523e-01 
 1.00318866e-01  2.30185055e-01 
 1.00341541e-01  2.41896880e-01 
 1.00364216e-01  2.51757550e-01 
 1.00386891e-01  2.59716457e-01 
 1.00409566e-01  2.65753084e-01 
 1.00432241e-01  2.69848433e-01 
 1.00454916e-01  2.71977380e-01 
 1.00477591e-01  2.72133642e-01 
 1.00500266e-01  2.70312547e-01 
 1.00522941e-01  2.66543926e-01 
 1.00545616e-01  2.60819946e-01 
 1.00568291e-01  2.53164517e-01 
 1.00590966e-01  2.43604247e-01 
 1.00613641e-01  2.32188964e-01 
 1.00636316e-01  2.18943971e-01 
 1.00658991e-01  2.03940121e-01 
 1.00681666e-01  1.87256051e-01 
 1.00704341e-01  1.68940892e-01 
 1.00727016e-01  1.49147513e-01 
 1.00749691e-01  1.27950403e-01 
 1.00772366e-01  1.05514942e-01 
 1.00795041e-01  8.20143174e-02 
 1.00817716e-01  5.76488198e-02 
 1.00840391e-01  3.27143478e-02 
 1.00863066e-01  7.54671118e-03 
 1.00885741e-01 -1.73268593e-02 
 1.00908416e-01 -4.10862999e-02 
 1.00931091e-01 -6.24496559e-02 
 1.00953766e-01 -7.97907570e-02 
 1.00976441e-01 -9.21405991e-02 
 1.00999116e-01 -1.00676547e-01 
 1.01021791e-01 -1.06677384e-01 
 1.01044466e-01 -1.10941552e-01 
 1.01067141e-01 -1.14082723e-01 
 1.01089816e-01 -1.16414074e-01 
 1.01112491e-01 -1.18198652e-01 
 1.01135166e-01 -1.19588835e-01 
 1.01157841e-01 -1.20686214e-01 
 1.01180516e-01 -1.21560736e-01 
 1.01203191e-01 -1.22262850e-01 
 1.01225866e-01 -1.22827780e-01 
 1.01248541e-01 -1.23280659e-01 
 1.01271216e-01 -1.23642982e-01 
 1.01293891e-01 -1.23927496e-01 
 1.01316566e-01 -1.24146704e-01 
 1.01339241e-01 -1.24308247e-01 
 1.01361916e-01 -1.24418939e-01 
 1.01384591e-01 -1.24483224e-01 
 1.01407266e-01 -1.24505434e-01 
 1.01429941e-01 -1.24486920e-01 
 1.01452616e-01 -1.24429936e-01 
 1.01475291e-01 -1.24334282e-01 
 1.01497966e-01 -1.24200635e-01 
 1.01520641e-01 -1.24026953e-01 
 1.01543316e-01 -1.23812170e-01 
 1.01565991e-01 -1.23552533e-01 
 1.01588666e-01 -1.23244645e-01 
 1.01611341e-01 -1.22882653e-01 
 1.01634016e-01 -1.22460441e-01 
 1.01656691e-01 -1.21968773e-01 
 1.01679366e-01 -1.21395333e-01 
 1.01702041e-01 -1.20727015e-01 
 1.01724716e-01 -1.19943516e-01 
 1.01747391e-01 -1.19020050e-01 
 1.01770066e-01 -1.17924622e-01 
 1.01792741e-01 -1.16610419e-01 
 1.01815416e-01 -1.15017487e-01 
 1.01838091e-01 -1.13058325e-01 
 1.01860766e-01 -1.10611104e-01 
 1.01883441e-01 -1.07495517e-01 
 1.01906116e-01 -1.03440385e-01 
 1.01928791e-01 -9.80499728e-02 
 1.01951466e-01 -9.06831586e-02 
 1.01974141e-01 -8.05351126e-02 
 1.01996816e-01 -6.64896994e-02 
 1.02019491e-01 -4.79418980e-02 
 1.02042166e-01 -2.57448061e-02 
 1.02064841e-01 -1.62632350e-03 
 1.02087516e-01  2.32907936e-02 
 1.02110191e-01  4.82758837e-02 
 1.02132866e-01  7.28820155e-02 
 1.02155541e-01  9.67186679e-02 
 1.02178216e-01  1.19589550e-01 
 1.02200891e-01  1.41261614e-01 
 1.02223566e-01  1.61611482e-01 
 1.02246241e-01  1.80472694e-01 
 1.02268916e-01  1.97765991e-01 
 1.02291591e-01  2.13400357e-01 
 1.02314266e-01  2.27295940e-01 
 1.02336941e-01  2.39379588e-01 
 1.02359616e-01  2.49628950e-01 
 1.02382291e-01  2.57967219e-01 
 1.02404966e-01  2.64402558e-01 
 1.02427641e-01  2.68881916e-01 
 1.02450316e-01  2.71409177e-01 
 1.02472991e-01  2.71978465e-01 
 1.02495666e-01  2.70553498e-01 
 1.02518341e-01  2.67180748e-01 
 1.02541016e-01  2.61841015e-01 
 1.02563691e-01  2.54589774e-01 
 1.02586366e-01  2.45406555e-01 
 1.02609041e-01  2.34366655e-01 
 1.02631716e-01  2.21486103e-01 
 1.02654391e-01  2.06838112e-01 
 1.02677066e-01  1.90479332e-01 
 1.02699741e-01  1.72497155e-01 
 1.02722416e-01  1.52995306e-01 
 1.02745091e-01  1.32073170e-01 
 1.02767766e-01  1.09880272e-01 
 1.02790441e-01  8.65775778e-02 
 1.02813116e-01  6.23688665e-02 
 1.02835791e-01  3.75089527e-02 
 1.02858466e-01  1.23606095e-02 
 1.02881141e-01 -1.26305220e-02 
 1.02903816e-01 -3.66959812e-02 
 1.02926491e-01 -5.86697763e-02 
 1.02949166e-01 -7.69551880e-02 
 1.02971841e-01 -9.02704530e-02 
 1.02994516e-01 -9.94656926e-02 
 1.03017191e-01 -1.05908516e-01 
 1.03039866e-01 -1.10467393e-01 
 1.03062541e-01 -1.13807841e-01 
 1.03085216e-01 -1.16275768e-01 
 1.03107891e-01 -1.18155780e-01 
 1.03130566e-01 -1.19616281e-01 
 1.03153241e-01 -1.20767092e-01 
 1.03175916e-01 -1.21682413e-01 
 1.03198591e-01 -1.22415731e-01 
 1.03221266e-01 -1.23005849e-01 
 1.03243941e-01 -1.23479667e-01 
 1.03266616e-01 -1.23859179e-01 
 1.03289291e-01 -1.24157852e-01 
 1.03311966e-01 -1.24389796e-01 
 1.03334641e-01 -1.24562102e-01 
 1.03357316e-01 -1.24682656e-01 
 1.03379991e-01 -1.24756045e-01 
 1.03402666e-01 -1.24786597e-01 
 1.03425341e-01 -1.24775687e-01 
 1.03448016e-01 -1.24726309e-01 
 1.03470691e-01 -1.24638487e-01 
 1.03493366e-01 -1.24512445e-01 
 1.03516041e-01 -1.24347156e-01 
 1.03538716e-01 -1.24140552e-01 
 1.03561391e-01 -1.23890293e-01 
 1.03584066e-01 -1.23592355e-01 
 1.03606741e-01 -1.23241929e-01 
 1.03629416e-01 -1.22832523e-01 
 1.03652091e-01 -1.22355048e-01 
 1.03674766e-01 -1.21799536e-01 
 1.03697441e-01 -1.21151269e-01 
 1.03720116e-01 -1.20393125e-01 
 1.03742791e-01 -1.19500304e-01 
 1.03765466e-01 -1.18442543e-01 
 1.03788141e-01 -1.17176967e-01 
 1.03810816e-01 -1.15646145e-01 
 1.03833491e-01 -1.13770068e-01 
 1.03856166e-01 -1.11434210e-01 
 1.03878841e-01 -1.08470727e-01 
 1.03901516e-01 -1.04636851e-01 
 1.03924191e-01 -9.95536663e-02 
 1.03946866e-01 -9.26483779e-02 
 1.03969541e-01 -8.32060860e-02 
 1.03992216e-01 -6.99874155e-02 
 1.04014891e-01 -5.23363283e-02 
 1.04037566e-01 -3.07411771e-02 
 1.04060241e-01 -6.89948160e-03 
 1.04082916e-01  1.79517104e-02 
 1.04105591e-01  4.29522069e-02 
 1.04128266e-01  6.76588344e-02 
 1.04150941e-01  9.16789524e-02 
 1.04173616e-01  1.14758409e-01 
 1.04196291e-01  1.36690818e-01 
 1.04218966e-01  1.57312892e-01 
 1.04241641e-01  1.76502465e-01 
 1.04264316e-01  1.94122002e-01 
 1.04286991e-01  2.10088012e-01 
 1.04309666e-01  2.24344378e-01 
 1.04332341e-01  2.36798451e-01 
 1.04355016e-01  2.47429992e-01 
 1.04377691e-01  2.56145427e-01 
 1.04400366e-01  2.62981100e-01 
 1.04423041e-01  2.67851857e-01 
 1.04445716e-01  2.70774672e-01 
 1.04468391e-01  2.71742386e-01 
 1.04491066e-01  2.70734115e-01 
 1.04513741e-01  2.67743435e-01 
 1.04536416e-01  2.62804302e-01 
 1.04559091e-01  2.55934082e-01 
 1.04581766e-01  2.47157505e-01 
 1.04604441e-01  2.36474133e-01 
 1.04627116e-01  2.23978692e-01 
 1.04649791e-01  2.09677247e-01 
 1.04672466e-01  1.93666558e-01 
 1.04695141e-01  1.75996688e-01 
 1.04717816e-01  1.56798448e-01 
 1.04740491e-01  1.36149213e-01 
 1.04763166e-01  1.14188925e-01 
 1.04785841e-01  9.11015495e-02 
 1.04808516e-01  6.70618542e-02 
 1.04831191e-01  4.23242563e-02 
 1.04853866e-01  1.71830488e-02 
 1.04876541e-01 -7.87204286e-03 
 1.04899216e-01 -3.22089527e-02 
 1.04921891e-01 -5.47300550e-02 
 1.04944566e-01 -7.38958054e-02 
 1.04967241e-01 -8.82096843e-02 
 1.04989916e-01 -9.81325974e-02 
 1.05012591e-01 -1.05052440e-01 
 1.05035266e-01 -1.09931940e-01 
 1.05057941e-01 -1.13489800e-01 
 1.05080616e-01 -1.16102415e-01 
 1.05103291e-01 -1.18085739e-01 
 1.05125966e-01 -1.19620855e-01 
 1.05148641e-01 -1.20827097e-01 
 1.05171316e-01 -1.21784905e-01 
 1.05193991e-01 -1.22551827e-01 
 1.05216666e-01 -1.23168231e-01 
 1.05239341e-01 -1.23663870e-01 
 1.05262016e-01 -1.24060588e-01 
 1.05284691e-01 -1.24374912e-01 
 1.05307366e-01 -1.24619268e-01 
 1.05330041e-01 -1.24802957e-01 
 1.05352716e-01 -1.24933499e-01 
 1.05375391e-01 -1.25015947e-01 
 1.05398066e-01 -1.25054604e-01 
 1.05420741e-01 -1.25052135e-01 
 1.05443416e-01 -1.25010321e-01 
 1.05466091e-01 -1.24930099e-01 
 1.05488766e-01 -1.24811673e-01 
 1.05511441e-01 -1.24654311e-01 
 1.05534116e-01 -1.24456150e-01 
 1.05556791e-01 -1.24214920e-01 
 1.05579466e-01 -1.23926914e-01 
 1.05602141e-01 -1.23587534e-01 
 1.05624816e-01 -1.23190765e-01 
 1.05647491e-01 -1.22727834e-01 
 1.05670166e-01 -1.22188713e-01 
 1.05692841e-01 -1.21560918e-01 
 1.05715516e-01 -1.20826372e-01 
 1.05738191e-01 -1.19962872e-01 
 1.05760866e-01 -1.18941567e-01 
 1.05783541e-01 -1.17721791e-01 
 1.05806216e-01 -1.16250856e-01 
 1.05828891e-01 -1.14451988e-01 
 1.05851566e-01 -1.12220642e-01 
 1.05874241e-01 -1.09402891e-01 
 1.05896916e-01 -1.05767799e-01 
 1.05919591e-01 -1.00979237e-01 
 1.05942266e-01 -9.45202666e-02 
 1.05964941e-01 -8.56651242e-02 
 1.05987616e-01 -7.33380050e-02 
 1.06010291e-01 -5.65086233e-02 
 1.06032966e-01 -3.55999593e-02 
 1.06055641e-01 -1.21258105e-02 
 1.06078316e-01  1.26080251e-02 
 1.06100991e-01  3.76264367e-02 
 1.06123666e-01  6.24354600e-02 
 1.06146341e-01  8.66040289e-02 
 1.06169016e-01  1.09905435e-01 
 1.06191691e-01  1.32069895e-01 
 1.06214366e-01  1.52981840e-01 
 1.06237041e-01  1.72451474e-01 
 1.06259716e-01  1.90409202e-01 
 1.06282391e-01  2.06726907e-01 
 1.06305066e-01  2.21323576e-01 
 1.06327741e-01  2.34158900e-01 
 1.06350416e-01  2.45147355e-01 
 1.06373091e-01  2.54266323e-01 
 1.06395766e-01  2.61486210e-01 
 1.06418441e-01  2.66762034e-01 
 1.06441116e-01  2.70076684e-01 
 1.06463791e-01  2.71437943e-01 
 1.06486466e-01  2.70829283e-01 
 1.06509141e-01  2.68239549e-01 
 1.06531816e-01  2.63704045e-01 
 1.06554491e-01  2.57223295e-01 
 1.06577166e-01  2.48807216e-01 
 1.06599841e-01  2.38533525e-01 
 1.06622516e-01  2.26392631e-01 
 1.06645191e-01  2.12449067e-01 
 1.06667866e-01  1.96782744e-01 
 1.06690541e-01  1.79445040e-01 
 1.06713216e-01  1.60540763e-01 
 1.06735891e-01  1.40178412e-01 
 1.06758566e-01  1.18475826e-01 
 1.06781241e-01  9.56125869e-02 
 1.06803916e-01  7.17396992e-02 
 1.06826591e-01  4.71207108e-02 
 1.06849266e-01  2.20330425e-02 
 1.06871941e-01 -3.08036443e-03 
 1.06894616e-01 -2.76366944e-02 
 1.06917291e-01 -5.06390990e-02 
 1.06939966e-01 -7.06311592e-02 
 1.06962641e-01 -8.59552533e-02 
 1.06985316e-01 -9.66710049e-02 
 1.07007991e-01 -1.04098300e-01 
 1.07030666e-01 -1.09332713e-01 
 1.07053341e-01 -1.13122813e-01 
 1.07076016e-01 -1.15894308e-01 
 1.07098691e-01 -1.17985516e-01 
 1.07121366e-01 -1.19601288e-01 
 1.07144041e-01 -1.20866498e-01 
 1.07166716e-01 -1.21869424e-01 
 1.07189391e-01 -1.22670917e-01 
 1.07212066e-01 -1.23315092e-01 
 1.07234741e-01 -1.23833155e-01 
 1.07257416e-01 -1.24248693e-01 
 1.07280091e-01 -1.24578010e-01 
 1.07302766e-01 -1.24835869e-01 
 1.07325441e-01 -1.25031009e-01 
 1.07348116e-01 -1.25171487e-01 
 1.07370791e-01 -1.25263576e-01 
 1.07393466e-01 -1.25310534e-01 
 1.07416141e-01 -1.25316022e-01 
 1.07438816e-01 -1.25282006e-01 
 1.07461491e-01 -1.25209548e-01 
 1.07484166e-01 -1.25099075e-01 
 1.07506841e-01 -1.24949316e-01 
 1.07529516e-01 -1.24759445e-01 
 1.07552191e-01 -1.24527131e-01 
 1.07574866e-01 -1.24248901e-01 
 1.07597541e-01 -1.23920175e-01 
 1.07620216e-01 -1.23535361e-01 
 1.07642891e-01 -1.23086291e-01 
 1.07665566e-01 -1.22564033e-01 
 1.07688241e-01 -1.21955036e-01 
 1.07710916e-01 -1.21243627e-01 
 1.07733591e-01 -1.20408493e-01 
 1.07756266e-01 -1.19421999e-01 
 1.07778941e-01 -1.18246137e-01 
 1.07801616e-01 -1.16830811e-01 
 1.07824291e-01 -1.15106661e-01 
 1.07846966e-01 -1.12973454e-01 
 1.07869641e-01 -1.10288633e-01 
 1.07892316e-01 -1.06843675e-01 
 1.07914991e-01 -1.02324328e-01 
 1.07937666e-01 -9.62534682e-02 
 1.07960341e-01 -8.79154681e-02 
 1.07983016e-01 -7.64212636e-02 
 1.08005691e-01 -6.06051022e-02 
 1.08028366e-01 -4.03935838e-02 
 1.08051041e-01 -1.72624642e-02 
 1.08073716e-01  7.27948436e-03 
 1.08096391e-01  3.22922034e-02 
 1.08119066e-01  5.71767983e-02 
 1.08141741e-01  8.15139007e-02 
 1.08164416e-01  1.05000514e-01 
 1.08187091e-01  1.27431421e-01 
 1.08209766e-01  1.48596522e-01 
 1.08232441e-01  1.68374703e-01 
 1.08255116e-01  1.86639260e-01 
 1.08277791e-01  2.03294471e-01 
 1.08300466e-01  2.18259171e-01 
 1.08323141e-01  2.31440951e-01 
 1.08345816e-01  2.42816997e-01 
 1.08368491e-01  2.52319344e-01 
 1.08391166e-01  2.59920529e-01 
 1.08413841e-01  2.65596592e-01 
 1.08436516e-01  2.69306920e-01 
 1.08459191e-01  2.71070723e-01 
 1.08481866e-01  2.70848973e-01 
 1.08504541e-01  2.68672955e-01 
 1.08527216e-01  2.64530604e-01 
 1.08549891e-01  2.58438676e-01 
 1.08572566e-01  2.50424676e-01 
 1.08595241e-01  2.40514551e-01 
 1.08617916e-01  2.28744214e-01 
 1.08640591e-01  2.15162345e-01 
 1.08663266e-01  1.99839722e-01 
 1.08685941e-01  1.82843259e-01 
 1.08708616e-01  1.64254432e-01 
 1.08731291e-01  1.44162360e-01 
 1.08753966e-01  1.22730440e-01 
 1.08776641e-01  1.00080555e-01 
 1.08799316e-01  7.64090312e-02 
 1.08821991e-01  5.19119475e-02 
 1.08844666e-01  2.68914664e-02 
 1.08867341e-01  1.73723865e-03 
 1.08890016e-01 -2.29870399e-02 
 1.08912691e-01 -4.64199629e-02 
 1.08935366e-01 -6.71571029e-02 
 1.08958041e-01 -8.35585331e-02 
 1.08980716e-01 -9.50720034e-02 
 1.09000000e-01 -1.02024968e-01 
