 1.00000902e-01 -2.94354916e-02 
 1.00023577e-01 -1.67439059e-02 
 1.00046252e-01 -2.50048091e-03 
 1.00068927e-01  1.24359911e-02 
 1.00091602e-01  2.75565735e-02 
 1.00114277e-01  4.25382008e-02 
 1.00136952e-01  5.71716688e-02 
 1.00159627e-01  7.13073016e-02 
 1.00182302e-01  8.48265075e-02 
 1.00204977e-01  9.76230245e-02 
 1.00227652e-01  1.09635860e-01 
 1.00250327e-01  1.20773501e-01 
 1.00273002e-01  1.30980232e-01 
 1.00295677e-01  1.40201337e-01 
 1.00318352e-01  1.48392922e-01 
 1.00341027e-01  1.55513811e-01 
 1.00363702e-01  1.61509472e-01 
 1.00386377e-01  1.66378142e-01 
 1.00409052e-01  1.70080582e-01 
 1.00431727e-01  1.72600372e-01 
 1.00454402e-01  1.73935302e-01 
 1.00477077e-01  1.74068136e-01 
 1.00499752e-01  1.72997197e-01 
 1.00522427e-01  1.70728782e-01 
 1.00545102e-01  1.67285910e-01 
 1.00567777e-01  1.62670185e-01 
 1.00590452e-01  1.56911914e-01 
 1.00613127e-01  1.50032344e-01 
 1.00635802e-01  1.42068042e-01 
 1.00658477e-01  1.33062776e-01 
 1.00681152e-01  1.23058480e-01 
 1.00703827e-01  1.12114336e-01 
 1.00726502e-01  1.00284795e-01 
 1.00749177e-01  8.76459053e-02 
 1.00771852e-01  7.42722884e-02 
 1.00794527e-01  6.02503247e-02 
 1.00817202e-01  4.57010693e-02 
 1.00839877e-01  3.07550113e-02 
 1.00862552e-01  1.55840523e-02 
 1.00885227e-01  4.69470776e-04 
 1.00907902e-01 -1.41782929e-02 
 1.00930577e-01 -2.76749878e-02 
 1.00953252e-01 -3.91296517e-02 
 1.00975927e-01 -4.79403917e-02 
 1.00998602e-01 -5.47073141e-02 
 1.01021277e-01 -6.00502800e-02 
 1.01043952e-01 -6.42352620e-02 
 1.01066627e-01 -6.76166351e-02 
 1.01089302e-01 -7.03953077e-02 
 1.01111977e-01 -7.27124705e-02 
 1.01134652e-01 -7.46637037e-02 
 1.01157327e-01 -7.63213257e-02 
 1.01180002e-01 -7.77371913e-02 
 1.01202677e-01 -7.89500188e-02 
 1.01225352e-01 -7.99911089e-02 
 1.01248027e-01 -8.08830277e-02 
 1.01270702e-01 -8.16439974e-02 
 1.01293377e-01 -8.22888468e-02 
 1.01316052e-01 -8.28280277e-02 
 1.01338727e-01 -8.32706470e-02 
 1.01361402e-01 -8.36245665e-02 
 1.01384077e-01 -8.38954939e-02 
 1.01406752e-01 -8.40866640e-02 
 1.01429427e-01 -8.42022489e-02 
 1.01452102e-01 -8.42425305e-02 
 1.01474777e-01 -8.42113797e-02 
 1.01497452e-01 -8.41057086e-02 
 1.01520127e-01 -8.39277692e-02 
 1.01542802e-01 -8.36737198e-02 
 1.01565477e-01 -8.33423788e-02 
 1.01588152e-01 -8.29286617e-02 
 1.01610827e-01 -8.24295820e-02 
 1.01633502e-01 -8.18363271e-02 
 1.01656177e-01 -8.11429886e-02 
 1.01678852e-01 -8.03383998e-02 
 1.01701527e-01 -7.94090408e-02 
 1.01724202e-01 -7.83400357e-02 
 1.01746877e-01 -7.71116214e-02 
 1.01769552e-01 -7.56954525e-02 
 1.01792227e-01 -7.40590367e-02 
 1.01814902e-01 -7.21570199e-02 
 1.01837577e-01 -6.99317077e-02 
 1.01860252e-01 -6.72985477e-02 
 1.01882927e-01 -6.41456066e-02 
 1.01905602e-01 -6.03129348e-02 
 1.01928277e-01 -5.55723178e-02 
 1.01950952e-01 -4.96043241e-02 
 1.01973627e-01 -4.19607977e-02 
 1.01996302e-01 -3.20342718e-02 
 1.02018977e-01 -1.97518623e-02 
 1.02041652e-01 -5.74876033e-03 
 1.02064327e-01  9.08503675e-03 
 1.02087002e-01  2.42078752e-02 
 1.02109677e-01  3.92343049e-02 
 1.02132352e-01  5.39583148e-02 
 1.02155027e-01  6.81941593e-02 
 1.02177702e-01  8.18543782e-02 
 1.02200377e-01  9.47963873e-02 
 1.02223052e-01  1.06985579e-01 
 1.02245727e-01  1.18289367e-01 
 1.02268402e-01  1.28711047e-01 
 1.02291077e-01  1.38118786e-01 
 1.02313752e-01  1.46537973e-01 
 1.02336427e-01  1.53863405e-01 
 1.02359102e-01  1.60109393e-01 
 1.02381777e-01  1.65198836e-01 
 1.02404452e-01  1.69141464e-01 
 1.02427127e-01  1.71900981e-01 
 1.02449802e-01  1.73479879e-01 
 1.02472477e-01  1.73847575e-01 
 1.02495152e-01  1.73027904e-01 
 1.02517827e-01  1.70999968e-01 
 1.02540502e-01  1.67794302e-01 
 1.02563177e-01  1.63417888e-01 
 1.02585852e-01  1.57887699e-01 
 1.02608527e-01  1.51231554e-01 
 1.02631202e-01  1.43489040e-01 
 1.02653877e-01  1.34689304e-01 
 1.02676552e-01  1.24884257e-01 
 1.02699227e-01  1.14123820e-01 
 1.02721902e-01  1.02470413e-01 
 1.02744577e-01  8.99910330e-02 
 1.02767252e-01  7.67528220e-02 
 1.02789927e-01  6.28602232e-02 
 1.02812602e-01  4.84091283e-02 
 1.02835277e-01  3.35250671e-02 
 1.02857952e-01  1.83854726e-02 
 1.02880627e-01  3.23370514e-03 
 1.02903302e-01 -1.15610041e-02 
 1.02925977e-01 -2.53541418e-02 
 1.02948652e-01 -3.72951081e-02 
 1.02971327e-01 -4.66125287e-02 
 1.02994002e-01 -5.37533882e-02 
 1.03016677e-01 -5.93615338e-02 
 1.03039352e-01 -6.37420815e-02 
 1.03062027e-01 -6.72660773e-02 
 1.03084702e-01 -7.01543006e-02 
 1.03107377e-01 -7.25565835e-02 
 1.03130052e-01 -7.45758917e-02 
 1.03152727e-01 -7.62882897e-02 
 1.03175402e-01 -7.77479986e-02 
 1.03198077e-01 -7.90004930e-02 
 1.03220752e-01 -8.00739623e-02 
 1.03243427e-01 -8.09945757e-02 
 1.03266102e-01 -8.17805771e-02 
 1.03288777e-01 -8.24471977e-02 
 1.03311452e-01 -8.30073392e-02 
 1.03334127e-01 -8.34690031e-02 
 1.03356802e-01 -8.38405328e-02 
 1.03379477e-01 -8.41276771e-02 
 1.03402152e-01 -8.43347164e-02 
 1.03424827e-01 -8.44645616e-02 
 1.03447502e-01 -8.45207433e-02 
 1.03470177e-01 -8.45031186e-02 
 1.03492852e-01 -8.44131013e-02 
 1.03515527e-01 -8.42493652e-02 
 1.03538202e-01 -8.40109308e-02 
 1.03560877e-01 -8.36955423e-02 
 1.03583552e-01 -8.32989074e-02 
 1.03606227e-01 -8.28168769e-02 
 1.03628902e-01 -8.22435794e-02 
 1.03651577e-01 -8.15710934e-02 
 1.03674252e-01 -8.07895990e-02 
 1.03696927e-01 -7.98870419e-02 
 1.03719602e-01 -7.88477456e-02 
 1.03742277e-01 -7.76529226e-02 
 1.03764952e-01 -7.62776624e-02 
 1.03787627e-01 -7.46892588e-02 
 1.03810302e-01 -7.28456203e-02 
 1.03832977e-01 -7.06910636e-02 
 1.03855652e-01 -6.81479894e-02 
 1.03878327e-01 -6.51120640e-02 
 1.03901002e-01 -6.14329087e-02 
 1.03923677e-01 -5.68982263e-02 
 1.03946352e-01 -5.12086689e-02 
 1.03969027e-01 -4.39548804e-02 
 1.03991702e-01 -3.45202119e-02 
 1.04014377e-01 -2.26914067e-02 
 1.04037052e-01 -8.95973954e-03 
 1.04059727e-01  5.75971629e-03 
 1.04082402e-01  2.08598247e-02 
 1.04105077e-01  3.59320311e-02 
 1.04127752e-01  5.07279564e-02 
 1.04150427e-01  6.50731884e-02 
 1.04173102e-01  7.88636676e-02 
 1.04195777e-01  9.19577529e-02 
 1.04218452e-01  1.04304829e-01 
 1.04241127e-01  1.15796456e-01 
 1.04263802e-01  1.26391921e-01 
 1.04286477e-01  1.36024269e-01 
 1.04309152e-01  1.44641363e-01 
 1.04331827e-01  1.52193930e-01 
 1.04354502e-01  1.58656870e-01 
 1.04377177e-01  1.63980632e-01 
 1.04399852e-01  1.68162780e-01 
 1.04422527e-01  1.71162556e-01 
 1.04445202e-01  1.72981278e-01 
 1.04467877e-01  1.73598020e-01 
 1.04490552e-01  1.73018686e-01 
 1.04513227e-01  1.71234401e-01 
 1.04535902e-01  1.68263757e-01 
 1.04558577e-01  1.64124365e-01 
 1.04581252e-01  1.58824056e-01 
 1.04603927e-01  1.52397964e-01 
 1.04626602e-01  1.44871723e-01 
 1.04649277e-01  1.36278802e-01 
 1.04671952e-01  1.26676406e-01 
 1.04694627e-01  1.16107034e-01 
 1.04717302e-01  1.04633626e-01 
 1.04739977e-01  9.23111018e-02 
 1.04762652e-01  7.92204780e-02 
 1.04785327e-01  6.54582756e-02 
 1.04808002e-01  5.11031967e-02 
 1.04830677e-01  3.62992670e-02 
 1.04853352e-01  2.11932498e-02 
 1.04876027e-01  6.02491149e-03 
 1.04898702e-01 -8.89086276e-03 
 1.04921377e-01 -2.29448510e-02 
 1.04944052e-01 -3.53349901e-02 
 1.04966727e-01 -4.51869196e-02 
 1.04989402e-01 -5.27202184e-02 
 1.05012077e-01 -5.86140485e-02 
 1.05034752e-01 -6.32029818e-02 
 1.05057427e-01 -6.68791238e-02 
 1.05080102e-01 -6.98828080e-02 
 1.05102777e-01 -7.23750045e-02 
 1.05125452e-01 -7.44624522e-02 
 1.05148127e-01 -7.62339237e-02 
 1.05170802e-01 -7.77410101e-02 
 1.05193477e-01 -7.90324633e-02 
 1.05216152e-01 -8.01395945e-02 
 1.05238827e-01 -8.10893377e-02 
 1.05261502e-01 -8.19015276e-02 
 1.05284177e-01 -8.25909244e-02 
 1.05306852e-01 -8.31720232e-02 
 1.05329527e-01 -8.36525669e-02 
 1.05352202e-01 -8.40418556e-02 
 1.05374877e-01 -8.43454208e-02 
 1.05397552e-01 -8.45683945e-02 
 1.05420227e-01 -8.47137939e-02 
 1.05442902e-01 -8.47844782e-02 
 1.05465577e-01 -8.47812830e-02 
 1.05488252e-01 -8.47063262e-02 
 1.05510927e-01 -8.45573588e-02 
 1.05533602e-01 -8.43346480e-02 
 1.05556277e-01 -8.40343621e-02 
 1.05578952e-01 -8.36549408e-02 
 1.05601627e-01 -8.31903464e-02 
 1.05624302e-01 -8.26359836e-02 
 1.05646977e-01 -8.19836209e-02 
 1.05669652e-01 -8.12253657e-02 
 1.05692327e-01 -8.03480201e-02 
 1.05715002e-01 -7.93385636e-02 
 1.05737677e-01 -7.81766860e-02 
 1.05760352e-01 -7.68395658e-02 
 1.05783027e-01 -7.52971785e-02 
 1.05805702e-01 -7.35093705e-02 
 1.05828377e-01 -7.14227808e-02 
 1.05851052e-01 -6.89674935e-02 
 1.05873727e-01 -6.60408842e-02 
 1.05896402e-01 -6.25073497e-02 
 1.05919077e-01 -5.81670306e-02 
 1.05941752e-01 -5.27425880e-02 
 1.05964427e-01 -4.58502353e-02 
 1.05987102e-01 -3.68906147e-02 
 1.06009777e-01 -2.55392938e-02 
 1.06032452e-01 -1.21070336e-02 
 1.06055127e-01  2.45901093e-03 
 1.06077802e-01  1.75311035e-02 
 1.06100477e-01  3.26162575e-02 
 1.06123152e-01  4.74958727e-02 
 1.06145827e-01  6.19374051e-02 
 1.06168502e-01  7.58538129e-02 
 1.06191177e-01  8.90940982e-02 
 1.06213852e-01  1.01597316e-01 
 1.06236527e-01  1.13271042e-01 
 1.06259202e-01  1.24055120e-01 
 1.06281877e-01  1.33883709e-01 
 1.06304552e-01  1.42709414e-01 
 1.06327227e-01  1.50480469e-01 
 1.06349902e-01  1.57167756e-01 
 1.06372577e-01  1.62733092e-01 
 1.06395252e-01  1.67137984e-01 
 1.06417927e-01  1.70387884e-01 
 1.06440602e-01  1.72443201e-01 
 1.06463277e-01  1.73306845e-01 
 1.06485952e-01  1.72966644e-01 
 1.06508627e-01  1.71425145e-01 
 1.06531302e-01  1.68704461e-01 
 1.06553977e-01  1.64790005e-01 
 1.06576652e-01  1.59728417e-01 
 1.06599327e-01  1.53531516e-01 
 1.06622002e-01  1.46215896e-01 
 1.06644677e-01  1.37844887e-01 
 1.06667352e-01  1.28438707e-01 
 1.06690027e-01  1.18068136e-01 
 1.06712702e-01  1.06767849e-01 
 1.06735377e-01  9.46121865e-02 
 1.06758052e-01  8.16698052e-02 
 1.06780727e-01  6.80348813e-02 
 1.06803402e-01  5.38005352e-02 
 1.06826077e-01  3.90685630e-02 
 1.06848752e-01  2.40114715e-02 
 1.06871427e-01  8.82835030e-03 
 1.06894102e-01 -6.17053831e-03 
 1.06916777e-01 -2.04623851e-02 
 1.06939452e-01 -3.32676530e-02 
 1.06962127e-01 -4.36505181e-02 
 1.06984802e-01 -5.16115265e-02 
 1.07007477e-01 -5.78063796e-02 
 1.07030152e-01 -6.26180029e-02 
 1.07052827e-01 -6.64533078e-02 
 1.07075502e-01 -6.95803998e-02 
 1.07098177e-01 -7.21646263e-02 
 1.07120852e-01 -7.43287714e-02 
 1.07143527e-01 -7.61569458e-02 
 1.07166202e-01 -7.77143971e-02 
 1.07188877e-01 -7.90458493e-02 
 1.07211552e-01 -8.01881446e-02 
 1.07234227e-01 -8.11681880e-02 
 1.07256902e-01 -8.20059692e-02 
 1.07279577e-01 -8.27199854e-02 
 1.07302252e-01 -8.33212607e-02 
 1.07324927e-01 -8.38220009e-02 
 1.07347602e-01 -8.42288385e-02 
 1.07370277e-01 -8.45493341e-02 
 1.07392952e-01 -8.47881883e-02 
 1.07415627e-01 -8.49490939e-02 
 1.07438302e-01 -8.50344147e-02 
 1.07460977e-01 -8.50463307e-02 
 1.07483652e-01 -8.49856744e-02 
 1.07506327e-01 -8.48517564e-02 
 1.07529002e-01 -8.46437217e-02 
 1.07551677e-01 -8.43591765e-02 
 1.07574352e-01 -8.39957151e-02 
 1.07597027e-01 -8.35496750e-02 
 1.07619702e-01 -8.30138540e-02 
 1.07642377e-01 -8.23818776e-02 
 1.07665052e-01 -8.16459935e-02 
 1.07687727e-01 -8.07937905e-02 
 1.07710402e-01 -7.98124498e-02 
 1.07733077e-01 -7.86827836e-02 
 1.07755752e-01 -7.73833385e-02 
 1.07778427e-01 -7.58851925e-02 
 1.07801102e-01 -7.41521883e-02 
 1.07823777e-01 -7.21303366e-02 
 1.07846452e-01 -6.97559363e-02 
 1.07869127e-01 -6.69348666e-02 
 1.07891802e-01 -6.35383428e-02 
 1.07914477e-01 -5.93812702e-02 
 1.07937152e-01 -5.42036044e-02 
 1.07959827e-01 -4.76170042e-02 
 1.07982502e-01 -3.91815877e-02 
 1.08005177e-01 -2.82879326e-02 
 1.08027852e-01 -1.52286316e-02 
 1.08050527e-01 -8.05414297e-04 
 1.08073202e-01  1.42033694e-02 
 1.08095877e-01  2.93089652e-02 
 1.08118552e-01  4.42491352e-02 
 1.08141227e-01  5.87945710e-02 
 1.08163902e-01  7.28233086e-02 
 1.08186577e-01  8.62096766e-02 
 1.08209252e-01  9.88744000e-02 
 1.08231927e-01  1.10720658e-01 
 1.08254602e-01  1.21685712e-01 
 1.08277277e-01  1.31719576e-01 
 1.08299952e-01  1.40745833e-01 
 1.08322627e-01  1.48738751e-01 
 1.08345302e-01  1.55652936e-01 
 1.08367977e-01  1.61437533e-01 
 1.08390652e-01  1.66087012e-01 
 1.08413327e-01  1.69572954e-01 
 1.08436002e-01  1.71870719e-01 
 1.08458677e-01  1.72974776e-01 
 1.08481352e-01  1.72877697e-01 
 1.08504027e-01  1.71584929e-01 
 1.08526702e-01  1.69099149e-01 
 1.08549377e-01  1.65422152e-01 
 1.08572052e-01  1.60595136e-01 
 1.08594727e-01  1.54624347e-01 
 1.08617402e-01  1.47536419e-01 
 1.08640077e-01  1.39376466e-01 
 1.08662752e-01  1.30183897e-01 
 1.08685427e-01  1.19994795e-01 
 1.08708102e-01  1.08877817e-01 
 1.08730777e-01  9.68919439e-02 
 1.08753452e-01  8.41022957e-02 
 1.08776127e-01  7.06020698e-02 
 1.08798802e-01  5.64742311e-02 
 1.08821477e-01  4.18393916e-02 
 1.08844152e-01  2.68333867e-02 
 1.08866827e-01  1.16502315e-02 
 1.08889502e-01 -3.41687409e-03 
 1.08912177e-01 -1.79007602e-02 
 1.08934852e-01 -3.10837850e-02 
 1.08957527e-01 -4.20085765e-02 
 1.08980202e-01 -5.04209288e-02 
 1.09000000e-01 -5.61828269e-02 
