 1.00018491e-01 -4.73420369e-02 
 1.00041166e-01  9.42687984e-03 
 1.00063841e-01  6.96038549e-02 
 1.00086516e-01  1.25611924e-01 
 1.00109191e-01  1.74716405e-01 
 1.00131866e-01  2.14965855e-01 
 1.00154541e-01  2.45229076e-01 
 1.00177216e-01  2.64712017e-01 
 1.00199891e-01  2.73009399e-01 
 1.00222566e-01  2.69955153e-01 
 1.00245241e-01  2.55585350e-01 
 1.00267916e-01  2.30187091e-01 
 1.00290591e-01  1.94351927e-01 
 1.00313266e-01  1.49024095e-01 
 1.00335941e-01  9.57632093e-02 
 1.00358616e-01  3.70210542e-02 
 1.00381291e-01 -2.29574847e-02 
 1.00403966e-01 -7.35524400e-02 
 1.00426641e-01 -1.00195409e-01 
 1.00449316e-01 -1.11575326e-01 
 1.00471991e-01 -1.17237558e-01 
 1.00494666e-01 -1.20358670e-01 
 1.00517341e-01 -1.22245211e-01 
 1.00540016e-01 -1.23409642e-01 
 1.00562691e-01 -1.24133508e-01 
 1.00585366e-01 -1.24519570e-01 
 1.00608041e-01 -1.24654343e-01 
 1.00630716e-01 -1.24566579e-01 
 1.00653391e-01 -1.24256248e-01 
 1.00676066e-01 -1.23692821e-01 
 1.00698741e-01 -1.22809573e-01 
 1.00721416e-01 -1.21478781e-01 
 1.00744091e-01 -1.19438653e-01 
 1.00766766e-01 -1.16234335e-01 
 1.00789441e-01 -1.10797496e-01 
 1.00812116e-01 -1.00514781e-01 
 1.00834791e-01 -7.86471746e-02 
 1.00857466e-01 -3.44303280e-02 
 1.00880141e-01  2.44398953e-02 
 1.00902816e-01  8.38993612e-02 
 1.00925491e-01  1.38358037e-01 
 1.00948166e-01  1.85491280e-01 
 1.00970841e-01  2.23341956e-01 
 1.00993516e-01  2.50980752e-01 
 1.01016191e-01  2.67704252e-01 
 1.01038866e-01  2.73183487e-01 
 1.01061541e-01  2.67297940e-01 
 1.01084216e-01  2.50156343e-01 
 1.01106891e-01  2.22093041e-01 
 1.01129566e-01  1.83784052e-01 
 1.01152241e-01  1.36336160e-01 
 1.01174916e-01  8.13976209e-02 
 1.01197591e-01  2.18457036e-02 
 1.01220266e-01 -3.72184226e-02 
 1.01242941e-01 -8.25587645e-02 
 1.01265616e-01 -1.04039653e-01 
 1.01288291e-01 -1.13457033e-01 
 1.01310966e-01 -1.18300762e-01 
 1.01333641e-01 -1.21037888e-01 
 1.01356316e-01 -1.22710328e-01 
 1.01378991e-01 -1.23743546e-01 
 1.01401666e-01 -1.24377070e-01 
 1.01424341e-01 -1.24696235e-01 
 1.01447016e-01 -1.24774043e-01 
 1.01469691e-01 -1.24631826e-01 
 1.01492366e-01 -1.24262582e-01 
 1.01515041e-01 -1.23627662e-01 
 1.01537716e-01 -1.22648378e-01 
 1.01560391e-01 -1.21175045e-01 
 1.01583066e-01 -1.18899477e-01 
 1.01605741e-01 -1.15274323e-01 
 1.01628416e-01 -1.08974629e-01 
 1.01651091e-01 -9.66888689e-02 
 1.01673766e-01 -7.00596420e-02 
 1.01696441e-01 -2.06514778e-02 
 1.01719116e-01  3.94510065e-02 
 1.01741791e-01  9.78769331e-02 
 1.01764466e-01  1.50785021e-01 
 1.01787141e-01  1.95678146e-01 
 1.01809816e-01  2.31099956e-01 
 1.01832491e-01  2.56057219e-01 
 1.01855166e-01  2.70013747e-01 
 1.01877841e-01  2.72660866e-01 
 1.01900516e-01  2.63963149e-01 
 1.01923191e-01  2.44051311e-01 
 1.01945866e-01  2.13369401e-01 
 1.01968541e-01  1.72658550e-01 
 1.01991216e-01  1.23152381e-01 
 1.02013891e-01  6.68069768e-02 
 1.02036566e-01  6.65714509e-03 
 1.02059241e-01 -5.06780593e-02 
 1.02081916e-01 -8.99184306e-02 
 1.02104591e-01 -1.07191506e-01 
 1.02127266e-01 -1.15096956e-01 
 1.02149941e-01 -1.19240037e-01 
 1.02172616e-01 -1.21651936e-01 
 1.02195291e-01 -1.23134522e-01 
 1.02217966e-01 -1.24051139e-01 
 1.02240641e-01 -1.24600334e-01 
 1.02263316e-01 -1.24855950e-01 
 1.02285991e-01 -1.24878264e-01 
 1.02308666e-01 -1.24681174e-01 
 1.02331341e-01 -1.24250619e-01 
 1.02354016e-01 -1.23539496e-01 
 1.02376691e-01 -1.22454784e-01 
 1.02399366e-01 -1.20822422e-01 
 1.02422041e-01 -1.18277570e-01 
 1.02444716e-01 -1.14153969e-01 
 1.02467391e-01 -1.06803519e-01 
 1.02490066e-01 -9.20176062e-02 
 1.02512741e-01 -5.97946217e-02 
 1.02535416e-01 -6.19782874e-03 
 1.02558091e-01  5.42778578e-02 
 1.02580766e-01  1.11562333e-01 
 1.02603441e-01  1.62681822e-01 
 1.02626116e-01  2.05298608e-01 
 1.02648791e-01  2.38196356e-01 
 1.02671466e-01  2.60450536e-01 
 1.02694141e-01  2.71616686e-01 
 1.02716816e-01  2.71437750e-01 
 1.02739491e-01  2.59930962e-01 
 1.02762166e-01  2.37286248e-01 
 1.02784841e-01  2.04020624e-01 
 1.02807516e-01  1.60986266e-01 
 1.02830191e-01  1.09549351e-01 
 1.02852866e-01  5.19064692e-02 
 1.02875541e-01 -8.38418528e-03 
 1.02898216e-01 -6.30141335e-02 
 1.02920891e-01 -9.58589065e-02 
 1.02943566e-01 -1.09808702e-01 
 1.02966241e-01 -1.16482029e-01 
 1.02988916e-01 -1.20074895e-01 
 1.03011591e-01 -1.22207959e-01 
 1.03034266e-01 -1.23522641e-01 
 1.03056941e-01 -1.24347034e-01 
 1.03079616e-01 -1.24805477e-01 
 1.03102291e-01 -1.24999324e-01 
 1.03124966e-01 -1.24967037e-01 
 1.03147641e-01 -1.24714598e-01 
 1.03170316e-01 -1.24219798e-01 
 1.03192991e-01 -1.23426536e-01 
 1.03215666e-01 -1.22225952e-01 
 1.03238341e-01 -1.20395548e-01 
 1.03261016e-01 -1.17557601e-01 
 1.03283691e-01 -1.12844081e-01 
 1.03306366e-01 -1.04198521e-01 
 1.03329041e-01 -8.62978600e-02 
 1.03351716e-01 -4.80494263e-02 
 1.03374391e-01  8.66452233e-03 
 1.03397066e-01  6.88432590e-02 
 1.03419741e-01  1.24880721e-01 
 1.03442416e-01  1.74021673e-01 
 1.03465091e-01  2.14319023e-01 
 1.03487766e-01  2.44633579e-01 
 1.03510441e-01  2.64169627e-01 
 1.03533116e-01  2.72512573e-01 
 1.03555791e-01  2.69513778e-01 
 1.03578466e-01  2.55205287e-01 
 1.03601141e-01  2.29859459e-01 
 1.03623816e-01  1.94065243e-01 
 1.03646491e-01  1.48798178e-01 
 1.03669166e-01  9.55519890e-02 
 1.03691841e-01  3.68442310e-02 
 1.03714516e-01 -2.31495806e-02 
 1.03737191e-01 -7.38376209e-02 
 1.03759866e-01 -1.00590624e-01 
 1.03782541e-01 -1.12013857e-01 
 1.03805216e-01 -1.17692351e-01 
 1.03827891e-01 -1.20821465e-01 
 1.03850566e-01 -1.22711615e-01 
 1.03873241e-01 -1.23878963e-01 
 1.03895916e-01 -1.24604880e-01 
 1.03918591e-01 -1.24991572e-01 
 1.03941266e-01 -1.25127591e-01 
 1.03963941e-01 -1.25040255e-01 
 1.03986616e-01 -1.24730920e-01 
 1.04009291e-01 -1.24168523e-01 
 1.04031966e-01 -1.23287025e-01 
 1.04054641e-01 -1.21958589e-01 
 1.04077316e-01 -1.19922197e-01 
 1.04099991e-01 -1.16725927e-01 
 1.04122666e-01 -1.11301873e-01 
 1.04145341e-01 -1.01057130e-01 
 1.04168016e-01 -7.92646358e-02 
 1.04190691e-01 -3.51615017e-02 
 1.04213366e-01  2.36867854e-02 
 1.04236041e-01  8.31470977e-02 
 1.04258716e-01  1.37652050e-01 
 1.04281391e-01  1.84813227e-01 
 1.04304066e-01  2.22729685e-01 
 1.04326741e-01  2.50402418e-01 
 1.04349416e-01  2.67187907e-01 
 1.04372091e-01  2.72714162e-01 
 1.04394766e-01  2.66886900e-01 
 1.04417441e-01  2.49793143e-01 
 1.04440116e-01  2.21777994e-01 
 1.04462791e-01  1.83524178e-01 
 1.04485466e-01  1.36100577e-01 
 1.04508141e-01  8.12154483e-02 
 1.04530816e-01  2.16701182e-02 
 1.04553491e-01 -3.74140792e-02 
 1.04576166e-01 -8.28723039e-02 
 1.04598841e-01 -1.04443253e-01 
 1.04621516e-01 -1.13892982e-01 
 1.04644191e-01 -1.18750912e-01 
 1.04666866e-01 -1.21494225e-01 
 1.04689541e-01 -1.23170002e-01 
 1.04712216e-01 -1.24205580e-01 
 1.04734891e-01 -1.24840689e-01 
 1.04757566e-01 -1.25160615e-01 
 1.04780241e-01 -1.25239475e-01 
 1.04802916e-01 -1.25098250e-01 
 1.04825591e-01 -1.24729742e-01 
 1.04848266e-01 -1.24095944e-01 
 1.04870941e-01 -1.23118425e-01 
 1.04893616e-01 -1.21647841e-01 
 1.04916291e-01 -1.19376963e-01 
 1.04938966e-01 -1.15760068e-01 
 1.04961641e-01 -1.09479147e-01 
 1.04984316e-01 -9.72354745e-02 
 1.05006991e-01 -7.07072849e-02 
 1.05029666e-01 -2.13812265e-02 
 1.05052341e-01  3.86999042e-02 
 1.05075016e-01  9.71450256e-02 
 1.05097691e-01  1.50093422e-01 
 1.05120366e-01  1.95014103e-01 
 1.05143041e-01  2.30488390e-01 
 1.05165716e-01  2.55496008e-01 
 1.05188391e-01  2.69510992e-01 
 1.05211066e-01  2.72218566e-01 
 1.05233741e-01  2.63570199e-01 
 1.05256416e-01  2.43714641e-01 
 1.05279091e-01  2.13076513e-01 
 1.05301766e-01  1.72415617e-01 
 1.05324441e-01  1.22949218e-01 
 1.05347116e-01  6.65649248e-02 
 1.05369791e-01  6.50093949e-03 
 1.05392466e-01 -5.09009079e-02 
 1.05415141e-01 -9.02413934e-02 
 1.05437816e-01 -1.07596420e-01 
 1.05460491e-01 -1.15529130e-01 
 1.05483166e-01 -1.19683664e-01 
 1.05505841e-01 -1.22101658e-01 
 1.05528516e-01 -1.23587170e-01 
 1.05551191e-01 -1.24521421e-01 
 1.05573866e-01 -1.25057717e-01 
 1.05596541e-01 -1.25312598e-01 
 1.05619216e-01 -1.25336037e-01 
 1.05641891e-01 -1.25140112e-01 
 1.05664566e-01 -1.24710450e-01 
 1.05687241e-01 -1.24000438e-01 
 1.05709916e-01 -1.22917634e-01 
 1.05732591e-01 -1.21288015e-01 
 1.05755266e-01 -1.18748222e-01 
 1.05777941e-01 -1.14635689e-01 
 1.05800616e-01 -1.07307712e-01 
 1.05823291e-01 -9.25751291e-02 
 1.05845966e-01 -6.04626096e-02 
 1.05868641e-01 -6.93826154e-03 
 1.05891316e-01  5.35251242e-02 
 1.05913991e-01  1.10844464e-01 
 1.05936666e-01  1.62005855e-01 
 1.05959341e-01  2.04650148e-01 
 1.05982016e-01  2.37614975e-01 
 1.06004691e-01  2.59913785e-01 
 1.06027366e-01  2.71138497e-01 
 1.06050041e-01  2.71014493e-01 
 1.06072716e-01  2.59557797e-01 
 1.06095391e-01  2.36970730e-01 
 1.06118066e-01  2.03757487e-01 
 1.06140741e-01  1.60758621e-01 
 1.06163416e-01  1.09364311e-01 
 1.06186091e-01  5.17400839e-02 
 1.06208766e-01 -8.55793733e-03 
 1.06231441e-01 -6.32418097e-02 
 1.06254116e-01 -9.62080968e-02 
 1.06276791e-01 -1.10217552e-01 
 1.06299466e-01 -1.16911154e-01 
 1.06322141e-01 -1.20512721e-01 
 1.06344816e-01 -1.22650558e-01 
 1.06367491e-01 -1.23968551e-01 
 1.06390166e-01 -1.24794484e-01 
 1.06412841e-01 -1.25254418e-01 
 1.06435516e-01 -1.25449140e-01 
 1.06458191e-01 -1.25417591e-01 
 1.06480866e-01 -1.25165958e-01 
 1.06503541e-01 -1.24672082e-01 
 1.06526216e-01 -1.23880713e-01 
 1.06548891e-01 -1.22682147e-01 
 1.06571566e-01 -1.20854457e-01 
 1.06594241e-01 -1.18023768e-01 
 1.06616916e-01 -1.13321331e-01 
 1.06639591e-01 -1.04704345e-01 
 1.06662266e-01 -8.68712264e-02 
 1.06684941e-01 -4.87426431e-02 
 1.06707616e-01  7.91965621e-03 
 1.06730291e-01  6.81105485e-02 
 1.06752966e-01  1.24172448e-01 
 1.06775641e-01  1.73357299e-01 
 1.06798316e-01  2.13704476e-01 
 1.06820991e-01  2.44060073e-01 
 1.06843666e-01  2.63653994e-01 
 1.06866341e-01  2.72056755e-01 
 1.06889016e-01  2.69114371e-01 
 1.06911691e-01  2.54851712e-01 
 1.06934366e-01  2.29564137e-01 
 1.06957041e-01  1.93818914e-01 
 1.06979716e-01  1.48581186e-01 
 1.07002391e-01  9.53852513e-02 
 1.07025066e-01  3.66809397e-02 
 1.07047741e-01 -2.33200383e-02 
 1.07070416e-01 -7.40960210e-02 
 1.07093091e-01 -1.00953240e-01 
 1.07115766e-01 -1.12420704e-01 
 1.07138441e-01 -1.18116024e-01 
 1.07161116e-01 -1.21253729e-01 
 1.07183791e-01 -1.23148046e-01 
 1.07206466e-01 -1.24317691e-01 
 1.07229141e-01 -1.25045087e-01 
 1.07251816e-01 -1.25433257e-01 
 1.07274491e-01 -1.25569636e-01 
 1.07297166e-01 -1.25483747e-01 
 1.07319841e-01 -1.25175009e-01 
 1.07342516e-01 -1.24613847e-01 
 1.07365191e-01 -1.23733839e-01 
 1.07387866e-01 -1.22407857e-01 
 1.07410541e-01 -1.20375415e-01 
 1.07433216e-01 -1.17186592e-01 
 1.07455891e-01 -1.11777457e-01 
 1.07478566e-01 -1.01564831e-01 
 1.07501241e-01 -7.98558963e-02 
 1.07523916e-01 -3.58590975e-02 
 1.07546591e-01  2.29549564e-02 
 1.07569266e-01  8.24260020e-02 
 1.07591941e-01  1.36960602e-01 
 1.07614616e-01  1.84170700e-01 
 1.07637291e-01  2.22127108e-01 
 1.07659966e-01  2.49857833e-01 
 1.07682641e-01  2.66696852e-01 
 1.07705316e-01  2.72280979e-01 
 1.07727991e-01  2.66499220e-01 
 1.07750666e-01  2.49468608e-01 
 1.07773341e-01  2.21502021e-01 
 1.07796016e-01  1.83291253e-01 
 1.07818691e-01  1.35914709e-01 
 1.07841366e-01  8.10491783e-02 
 1.07864041e-01  2.15181333e-02 
 1.07886716e-01 -3.75897612e-02 
 1.07909391e-01 -8.31545949e-02 
 1.07932066e-01 -1.04816147e-01 
 1.07954741e-01 -1.14297524e-01 
 1.07977416e-01 -1.19170132e-01 
 1.08000091e-01 -1.21920124e-01 
 1.08022766e-01 -1.23600191e-01 
 1.08045441e-01 -1.24637244e-01 
 1.08068116e-01 -1.25274153e-01 
 1.08090791e-01 -1.25594971e-01 
 1.08113466e-01 -1.25674957e-01 
 1.08136141e-01 -1.25534254e-01 
 1.08158816e-01 -1.25166922e-01 
 1.08181491e-01 -1.24534284e-01 
 1.08204166e-01 -1.23558232e-01 
 1.08226841e-01 -1.22090429e-01 
 1.08249516e-01 -1.19823799e-01 
 1.08272191e-01 -1.16215752e-01 
 1.08294866e-01 -1.09952274e-01 
 1.08317541e-01 -9.77498193e-02 
 1.08340216e-01 -7.13233635e-02 
 1.08362891e-01 -2.20942007e-02 
 1.08385566e-01  3.79820012e-02 
 1.08408241e-01  9.64447561e-02 
 1.08430916e-01  1.49419944e-01 
 1.08453591e-01  1.94389113e-01 
 1.08476266e-01  2.29921528e-01 
 1.08498941e-01  2.54972758e-01 
 1.08521616e-01  2.69043680e-01 
 1.08544291e-01  2.71797085e-01 
 1.08566966e-01  2.63210529e-01 
 1.08589641e-01  2.43400663e-01 
 1.08612316e-01  2.12820288e-01 
 1.08634991e-01  1.72197560e-01 
 1.08657666e-01  1.22773858e-01 
 1.08680341e-01  6.64169029e-02 
 1.08703016e-01  6.36181063e-03 
 1.08725691e-01 -5.10797440e-02 
 1.08748366e-01 -9.05573531e-02 
 1.08771041e-01 -1.07973754e-01 
 1.08793716e-01 -1.15932614e-01 
 1.08816391e-01 -1.20098351e-01 
 1.08839066e-01 -1.22521034e-01 
 1.08861741e-01 -1.24010774e-01 
 1.08884416e-01 -1.24930685e-01 
 1.08907091e-01 -1.25482839e-01 
 1.08929766e-01 -1.25740472e-01 
 1.08952441e-01 -1.25764402e-01 
 1.08975116e-01 -1.25569253e-01 
 1.08997791e-01 -1.25140719e-01 
 1.09000000e-01 -1.25078846e-01 
