 1.00004550e-01  2.15735455e-03 
 1.00027225e-01  2.47046323e-03 
 1.00049900e-01  2.78486229e-03 
 1.00072575e-01  3.10152432e-03 
 1.00095250e-01  3.41942072e-03 
 1.00117925e-01  3.72787892e-03 
 1.00140600e-01  4.04414959e-03 
 1.00163275e-01  4.35262109e-03 
 1.00185950e-01  4.66471645e-03 
 1.00208625e-01  4.96922260e-03 
 1.00231300e-01  5.27607820e-03 
 1.00253975e-01  5.57728811e-03 
 1.00276650e-01  5.87806281e-03 
 1.00299325e-01  6.17204896e-03 
 1.00322000e-01  6.46424237e-03 
 1.00344675e-01  6.75323643e-03 
 1.00367350e-01  7.03351651e-03 
 1.00390025e-01  7.31055349e-03 
 1.00412700e-01  7.58127883e-03 
 1.00435375e-01  7.85241510e-03 
 1.00458050e-01  8.11323793e-03 
 1.00480725e-01  8.36699944e-03 
 1.00503400e-01  8.61799550e-03 
 1.00526075e-01  8.85721763e-03 
 1.00548750e-01  9.09114397e-03 
 1.00571425e-01  9.32189531e-03 
 1.00594100e-01  9.53596081e-03 
 1.00616775e-01  9.74871188e-03 
 1.00639450e-01  9.94953124e-03 
 1.00662125e-01  1.01422943e-02 
 1.00684800e-01  1.03235230e-02 
 1.00707475e-01  1.04948254e-02 
 1.00730150e-01  1.06629628e-02 
 1.00752825e-01  1.08088765e-02 
 1.00775500e-01  1.09557936e-02 
 1.00798175e-01  1.10823214e-02 
 1.00820850e-01  1.12043983e-02 
 1.00843525e-01  1.13115983e-02 
 1.00866200e-01  1.14113700e-02 
 1.00888875e-01  1.14974228e-02 
 1.00911550e-01  1.15723053e-02 
 1.00934225e-01  1.16330798e-02 
 1.00956900e-01  1.16824532e-02 
 1.00979575e-01  1.17250273e-02 
 1.01002250e-01  1.17525249e-02 
 1.01024925e-01  1.17656749e-02 
 1.01047600e-01  1.17698507e-02 
 1.01070275e-01  1.17561071e-02 
 1.01092950e-01  1.17332665e-02 
 1.01115625e-01  1.17020378e-02 
 1.01138300e-01  1.16575690e-02 
 1.01160975e-01  1.15992231e-02 
 1.01183650e-01  1.15325473e-02 
 1.01206325e-01  1.14409985e-02 
 1.01229000e-01  1.13547308e-02 
 1.01251675e-01  1.12489429e-02 
 1.01274350e-01  1.11315524e-02 
 1.01297025e-01  1.10088124e-02 
 1.01319700e-01  1.08666752e-02 
 1.01342375e-01  1.07191962e-02 
 1.01365050e-01  1.05581045e-02 
 1.01387725e-01  1.03896892e-02 
 1.01410400e-01  1.02091131e-02 
 1.01433075e-01  1.00210693e-02 
 1.01455750e-01  9.82068241e-03 
 1.01478425e-01  9.61528609e-03 
 1.01501100e-01  9.39607390e-03 
 1.01523775e-01  9.17366752e-03 
 1.01546450e-01  8.93923876e-03 
 1.01569125e-01  8.69970458e-03 
 1.01591800e-01  8.45050809e-03 
 1.01614475e-01  8.19271651e-03 
 1.01637150e-01  7.93453956e-03 
 1.01659825e-01  7.66596823e-03 
 1.01682500e-01  7.39101462e-03 
 1.01705175e-01  7.11261724e-03 
 1.01727850e-01  6.83039677e-03 
 1.01750525e-01  6.54128241e-03 
 1.01773200e-01  6.24818010e-03 
 1.01795875e-01  5.95087754e-03 
 1.01818550e-01  5.65270608e-03 
 1.01841225e-01  5.34372526e-03 
 1.01863900e-01  5.04056721e-03 
 1.01886575e-01  4.73097555e-03 
 1.01909250e-01  4.41588999e-03 
 1.01931925e-01  4.10406163e-03 
 1.01954600e-01  3.78719500e-03 
 1.01977275e-01  3.47454569e-03 
 1.01999950e-01  3.15326120e-03 
 1.02022625e-01  2.83705982e-03 
 1.02045300e-01  2.51778283e-03 
 1.02067975e-01  2.20237237e-03 
 1.02090650e-01  1.88156077e-03 
 1.02113325e-01  1.56678142e-03 
 1.02136000e-01  1.25458450e-03 
 1.02158675e-01  9.35192059e-04 
 1.02181350e-01  6.25931302e-04 
 1.02204025e-01  3.11535078e-04 
 1.02226700e-01  5.33230938e-06 
 1.02249375e-01 -2.97967600e-04 
 1.02272050e-01 -6.02789796e-04 
 1.02294725e-01 -9.03352234e-04 
 1.02317400e-01 -1.20042069e-03 
 1.02340075e-01 -1.49300292e-03 
 1.02362750e-01 -1.78340605e-03 
 1.02385425e-01 -2.06917797e-03 
 1.02408100e-01 -2.35146681e-03 
 1.02430775e-01 -2.62973591e-03 
 1.02453450e-01 -2.90207987e-03 
 1.02476125e-01 -3.17278563e-03 
 1.02498800e-01 -3.43662104e-03 
 1.02521475e-01 -3.69660284e-03 
 1.02544150e-01 -3.95325793e-03 
 1.02566825e-01 -4.20658358e-03 
 1.02589500e-01 -4.45242470e-03 
 1.02612175e-01 -4.69425033e-03 
 1.02634850e-01 -4.92829967e-03 
 1.02657525e-01 -5.16206996e-03 
 1.02680200e-01 -5.38682458e-03 
 1.02702875e-01 -5.60825530e-03 
 1.02725550e-01 -5.82228462e-03 
 1.02748225e-01 -6.03296057e-03 
 1.02770900e-01 -6.23597980e-03 
 1.02793575e-01 -6.43505767e-03 
 1.02816250e-01 -6.62827997e-03 
 1.02838925e-01 -6.81481093e-03 
 1.02861600e-01 -6.99505188e-03 
 1.02884275e-01 -7.17193736e-03 
 1.02906950e-01 -7.34170399e-03 
 1.02929625e-01 -7.50575904e-03 
 1.02952300e-01 -7.66523524e-03 
 1.02974975e-01 -7.81641250e-03 
 1.02997650e-01 -7.96306395e-03 
 1.03020325e-01 -8.10458431e-03 
 1.03043000e-01 -8.23600400e-03 
 1.03065675e-01 -8.36887416e-03 
 1.03088350e-01 -8.48693322e-03 
 1.03111025e-01 -8.60453579e-03 
 1.03133700e-01 -8.71258658e-03 
 1.03156375e-01 -8.82050099e-03 
 1.03179050e-01 -8.91534051e-03 
 1.03201725e-01 -9.01020329e-03 
 1.03224400e-01 -9.09397952e-03 
 1.03247075e-01 -9.17511777e-03 
 1.03269750e-01 -9.24776093e-03 
 1.03292425e-01 -9.31669226e-03 
 1.03315100e-01 -9.37815658e-03 
 1.03337775e-01 -9.43298584e-03 
 1.03360450e-01 -9.48343828e-03 
 1.03383125e-01 -9.52338827e-03 
 1.03405800e-01 -9.56355445e-03 
 1.03428475e-01 -9.59291965e-03 
 1.03451150e-01 -9.61866573e-03 
 1.03473825e-01 -9.63740523e-03 
 1.03496500e-01 -9.65024227e-03 
 1.03519175e-01 -9.65558689e-03 
 1.03541850e-01 -9.65884434e-03 
 1.03564525e-01 -9.65149283e-03 
 1.03587200e-01 -9.64135282e-03 
 1.03609875e-01 -9.62132718e-03 
 1.03632550e-01 -9.59988920e-03 
 1.03655225e-01 -9.57012779e-03 
 1.03677900e-01 -9.53503408e-03 
 1.03700575e-01 -9.49457823e-03 
 1.03723250e-01 -9.44306172e-03 
 1.03745925e-01 -9.39029171e-03 
 1.03768600e-01 -9.33095063e-03 
 1.03791275e-01 -9.26353247e-03 
 1.03813950e-01 -9.19254754e-03 
 1.03836625e-01 -9.11334637e-03 
 1.03859300e-01 -9.02876712e-03 
 1.03881975e-01 -8.93813179e-03 
 1.03904650e-01 -8.84274067e-03 
 1.03927325e-01 -8.74056922e-03 
 1.03950000e-01 -8.63300724e-03 
 1.03972675e-01 -8.51678780e-03 
 1.03995350e-01 -8.39910671e-03 
 1.04018025e-01 -8.27248888e-03 
 1.04040700e-01 -8.14220213e-03 
 1.04063375e-01 -8.00352286e-03 
 1.04086050e-01 -7.86168008e-03 
 1.04108725e-01 -7.71147584e-03 
 1.04131400e-01 -7.55578890e-03 
 1.04154075e-01 -7.39522096e-03 
 1.04176750e-01 -7.22771605e-03 
 1.04199425e-01 -7.05510179e-03 
 1.04222100e-01 -6.87790372e-03 
 1.04244775e-01 -6.69348581e-03 
 1.04267450e-01 -6.50506143e-03 
 1.04290125e-01 -6.31007915e-03 
 1.04312800e-01 -6.10925456e-03 
 1.04335475e-01 -5.90324776e-03 
 1.04358150e-01 -5.69369261e-03 
 1.04380825e-01 -5.47809332e-03 
 1.04403500e-01 -5.25380439e-03 
 1.04426175e-01 -5.02776655e-03 
 1.04448850e-01 -4.79653649e-03 
 1.04471525e-01 -4.55496356e-03 
 1.04494200e-01 -4.31715360e-03 
 1.04516875e-01 -4.07049310e-03 
 1.04539550e-01 -3.81790209e-03 
 1.04562225e-01 -3.56413665e-03 
 1.04584900e-01 -3.30274026e-03 
 1.04607575e-01 -3.04018377e-03 
 1.04630250e-01 -2.77078615e-03 
 1.04652925e-01 -2.49480421e-03 
 1.04675600e-01 -2.22062434e-03 
 1.04698275e-01 -1.93908595e-03 
 1.04720950e-01 -1.65556658e-03 
 1.04743625e-01 -1.36551808e-03 
 1.04766300e-01 -1.07461408e-03 
 1.04788975e-01 -7.80249117e-04 
 1.04811650e-01 -4.81506352e-04 
 1.04834325e-01 -1.80091783e-04 
 1.04857000e-01  1.22685051e-04 
 1.04879675e-01  4.28470471e-04 
 1.04902350e-01  7.35288487e-04 
 1.04925025e-01  1.04533284e-03 
 1.04947700e-01  1.35939762e-03 
 1.04970375e-01  1.67188354e-03 
 1.04993050e-01  1.98334719e-03 
 1.05015725e-01  2.29699881e-03 
 1.05038400e-01  2.61081506e-03 
 1.05061075e-01  2.92876416e-03 
 1.05083750e-01  3.24555828e-03 
 1.05106425e-01  3.55680422e-03 
 1.05129100e-01  3.87133163e-03 
 1.05151775e-01  4.18227102e-03 
 1.05174450e-01  4.49452040e-03 
 1.05197125e-01  4.80073101e-03 
 1.05219800e-01  5.11088384e-03 
 1.05242475e-01  5.41126743e-03 
 1.05265150e-01  5.71379575e-03 
 1.05287825e-01  6.00653346e-03 
 1.05310500e-01  6.30340950e-03 
 1.05333175e-01  6.59378367e-03 
 1.05355850e-01  6.87793253e-03 
 1.05378525e-01  7.16076283e-03 
 1.05401200e-01  7.43279445e-03 
 1.05423875e-01  7.70645931e-03 
 1.05446550e-01  7.96668925e-03 
 1.05469225e-01  8.22814407e-03 
 1.05491900e-01  8.47625822e-03 
 1.05514575e-01  8.72410735e-03 
 1.05537250e-01  8.96229118e-03 
 1.05559925e-01  9.19434370e-03 
 1.05582600e-01  9.41164734e-03 
 1.05605275e-01  9.63079409e-03 
 1.05627950e-01  9.83268094e-03 
 1.05650625e-01  1.00322928e-02 
 1.05673300e-01  1.02211381e-02 
 1.05695975e-01  1.03987996e-02 
 1.05718650e-01  1.05665232e-02 
 1.05741325e-01  1.07213779e-02 
 1.05764000e-01  1.08728629e-02 
 1.05786675e-01  1.10087858e-02 
 1.05809350e-01  1.11320269e-02 
 1.05832025e-01  1.12440675e-02 
 1.05854700e-01  1.13512658e-02 
 1.05877375e-01  1.14371524e-02 
 1.05900050e-01  1.15270623e-02 
 1.05922725e-01  1.15904550e-02 
 1.05945400e-01  1.16527980e-02 
 1.05968075e-01  1.16909963e-02 
 1.05990750e-01  1.17265988e-02 
 1.06013425e-01  1.17451280e-02 
 1.06036100e-01  1.17541132e-02 
 1.06058775e-01  1.17512342e-02 
 1.06081450e-01  1.17354892e-02 
 1.06104125e-01  1.17065626e-02 
 1.06126800e-01  1.16702200e-02 
 1.06149475e-01  1.16152207e-02 
 1.06172150e-01  1.15546331e-02 
 1.06194825e-01  1.14749888e-02 
 1.06217500e-01  1.13896564e-02 
 1.06240175e-01  1.12911742e-02 
 1.06262850e-01  1.11825135e-02 
 1.06285525e-01  1.10585005e-02 
 1.06308200e-01  1.09256458e-02 
 1.06330875e-01  1.07817292e-02 
 1.06353550e-01  1.06277024e-02 
 1.06376225e-01  1.04646944e-02 
 1.06398900e-01  1.02894635e-02 
 1.06421575e-01  1.01061087e-02 
 1.06444250e-01  9.91280318e-03 
 1.06466925e-01  9.70776896e-03 
 1.06489600e-01  9.49541556e-03 
 1.06512275e-01  9.27450423e-03 
 1.06534950e-01  9.04615426e-03 
 1.06557625e-01  8.80963787e-03 
 1.06580300e-01  8.56241412e-03 
 1.06602975e-01  8.31511850e-03 
 1.06625650e-01  8.05213781e-03 
 1.06648325e-01  7.79157849e-03 
 1.06671000e-01  7.51678745e-03 
 1.06693675e-01  7.24107590e-03 
 1.06716350e-01  6.96276372e-03 
 1.06739025e-01  6.67176061e-03 
 1.06761700e-01  6.38163662e-03 
 1.06784375e-01  6.09153662e-03 
 1.06807050e-01  5.79224516e-03 
 1.06829725e-01  5.48759145e-03 
 1.06852400e-01  5.18697241e-03 
 1.06875075e-01  4.87606919e-03 
 1.06897750e-01  4.56538366e-03 
 1.06920425e-01  4.24952069e-03 
 1.06943100e-01  3.93808172e-03 
 1.06965775e-01  3.61991021e-03 
 1.06988450e-01  3.30473023e-03 
 1.07011125e-01  2.98638247e-03 
 1.07033800e-01  2.66944950e-03 
 1.07056475e-01  2.34767720e-03 
 1.07079150e-01  2.03252273e-03 
 1.07101825e-01  1.71395074e-03 
 1.07124500e-01  1.39906634e-03 
 1.07147175e-01  1.08345586e-03 
 1.07169850e-01  7.67680183e-04 
 1.07192525e-01  4.61358501e-04 
 1.07215200e-01  1.47834151e-04 
 1.07237875e-01 -1.56729293e-04 
 1.07260550e-01 -4.60805562e-04 
 1.07283225e-01 -7.64144509e-04 
 1.07305900e-01 -1.06074703e-03 
 1.07328575e-01 -1.35945994e-03 
 1.07351250e-01 -1.64873510e-03 
 1.07373925e-01 -1.93743205e-03 
 1.07396600e-01 -2.22104333e-03 
 1.07419275e-01 -2.50048472e-03 
 1.07441950e-01 -2.77633975e-03 
 1.07464625e-01 -3.04882492e-03 
 1.07487300e-01 -3.31431581e-03 
 1.07509975e-01 -3.57880349e-03 
 1.07532650e-01 -3.83748894e-03 
 1.07555325e-01 -4.09219520e-03 
 1.07578000e-01 -4.34084913e-03 
 1.07600675e-01 -4.58402076e-03 
 1.07623350e-01 -4.82181727e-03 
 1.07646025e-01 -5.05730305e-03 
 1.07668700e-01 -5.28440940e-03 
 1.07691375e-01 -5.50875408e-03 
 1.07714050e-01 -5.72548656e-03 
 1.07736725e-01 -5.93878802e-03 
 1.07759400e-01 -6.14500995e-03 
 1.07782075e-01 -6.34826941e-03 
 1.07804750e-01 -6.54300387e-03 
 1.07827425e-01 -6.73284019e-03 
 1.07850100e-01 -6.91667928e-03 
 1.07872775e-01 -7.09501918e-03 
 1.07895450e-01 -7.26965050e-03 
 1.07918125e-01 -7.43557991e-03 
 1.07940800e-01 -7.59735815e-03 
 1.07963475e-01 -7.75280884e-03 
 1.07986150e-01 -7.89836908e-03 
 1.08008825e-01 -8.04682361e-03 
 1.08031500e-01 -8.18052820e-03 
 1.08054175e-01 -8.31638657e-03 
 1.08076850e-01 -8.43859115e-03 
 1.08099525e-01 -8.55769053e-03 
 1.08122200e-01 -8.67078644e-03 
 1.08144875e-01 -8.77690890e-03 
 1.08167550e-01 -8.87991969e-03 
 1.08190225e-01 -8.97522869e-03 
 1.08212900e-01 -9.06313817e-03 
 1.08235575e-01 -9.14610349e-03 
 1.08258250e-01 -9.22370182e-03 
 1.08280925e-01 -9.29272437e-03 
 1.08303600e-01 -9.36055385e-03 
 1.08326275e-01 -9.41729482e-03 
 1.08348950e-01 -9.46994282e-03 
 1.08371625e-01 -9.51613227e-03 
 1.08394300e-01 -9.55770932e-03 
 1.08416975e-01 -9.59137074e-03 
 1.08439650e-01 -9.61950314e-03 
 1.08462325e-01 -9.63930648e-03 
 1.08485000e-01 -9.65713737e-03 
 1.08507675e-01 -9.66670178e-03 
 1.08530350e-01 -9.66964758e-03 
 1.08553025e-01 -9.66737149e-03 
 1.08575700e-01 -9.66011240e-03 
 1.08598375e-01 -9.64328717e-03 
 1.08621050e-01 -9.62480079e-03 
 1.08643725e-01 -9.59734645e-03 
 1.08666400e-01 -9.56383060e-03 
 1.08689075e-01 -9.52534365e-03 
 1.08711750e-01 -9.48081646e-03 
 1.08734425e-01 -9.42973580e-03 
 1.08757100e-01 -9.37196221e-03 
 1.08779775e-01 -9.31021950e-03 
 1.08802450e-01 -9.24179131e-03 
 1.08825125e-01 -9.16364515e-03 
 1.08847800e-01 -9.08459674e-03 
 1.08870475e-01 -8.99703632e-03 
 1.08893150e-01 -8.90482741e-03 
 1.08915825e-01 -8.80411099e-03 
 1.08938500e-01 -8.70086760e-03 
 1.08961175e-01 -8.58910345e-03 
 1.08983850e-01 -8.47311415e-03 
 1.09000000e-01 -8.38366414e-03 
